code,date,neg_mkt_val,mkt_val,neg_shares,shares
000001,20180516,184406019060.0,187157484260.0,16917983400.0,17170411400.0
000002,20180516,264544079100.0,300596108960.0,9715170000.0,11039152000.0
000004,20180516,1833761588.0,1855045303.0,83013200.0,83976700.0
000005,20180516,3519523250.0,3916586530.0,951222500.0,1058536900.0
000006,20180516,10031109456.0,10043962800.0,1348267400.0,1349995000.0
000007,20180516,4109008400.0,4607758400.0,308948000.0,346448000.0
000008,20180516,15117052479.0,16656329118.0,2557876900.0,2818329800.0
000009,20180516,12973568292.0,13153991400.0,2119864100.0,2149345000.0
000010,20180516,2046912280.0,3213830424.0,522171500.0,819854700.0
000011,20180516,2622111366.0,8886048381.0,175862600.0,595979100.0
000012,20180516,10777140276.0,17736813864.0,1509403400.0,2484147600.0
000014,20180516,2844043320.0,2844043320.0,201705200.0,201705200.0
000016,20180516,9787000459.0,14760705302.0,1596574300.0,2407945400.0
000017,20180516,1675481059.0,3048953887.0,302980300.0,551347900.0
000018,20180516,4345596451.0,9798873650.0,753136300.0,1698245000.0000002
000019,20180516,4246998566.0,5072147283.0,415964599.99999994,496782299.99999994
000020,20180516,2916762940.0,4558895320.0,181165399.99999997,283161200.0
000021,20180516,12416447745.0,12432141930.0,1469402100.0000002,1471259400.0000002
000022,20180516,11214922576.0,15564595718.0,464578400.0,644763700.0
000023,20180516,2644693172.0,2644693172.0,138756200.0,138756200.0
000025,20180516,10103883680.0,11088603680.0,270881600.0,297281600.0
000026,20180516,3802596824.0,4677020634.0,356716400.0,438744900.0
000027,20180516,22518312288.0,22518312288.0,3964491600.0,3964491600.0
000028,20180516,17107511196.0,23799579930.0,307744400.0,428127000.0
000029,20180516,9959842200.0,11300242200.0,891660000.0,1011660000.0
000030,20180516,9103825512.0,9401938405.0,1252245600.0,1293251500.0
000031,20180516,12677923770.0,12677983884.0,1813723000.0,1813731600.0
000032,20180516,2649052332.0,4002968868.0,279435900.0,422254100.0
000034,20180516,7277528067.0,13297251232.0,357969900.00000006,654070400.0
000035,20180516,7849805376.0,9082223808.0,1168125800.0,1351521400.0
000036,20180516,8595585114.0,8641061889.0,1135480200.0,1141487700.0
000037,20180516,2467148320.0,4388111728.0,338894000.0,602762600.0
000038,20180516,1800468100.0,9671381900.0,97322600.0,522777400.0
000039,20180516,20447033200.0,48143478758.0,1267640000.0,2984716600.0
000040,20180516,13731412065.0,17316394235.0,1060340700.0,1337173300.0
000042,20180516,7222348200.0,9839501760.0,487996500.0,664831200.0
000043,20180516,5607848552.0,5609146215.0,666807200.0,666961500.0
000045,20180516,3765841504.0,4212898584.0,457019600.0,511274100.0
000046,20180516,35716889340.0,36425366907.0,5095134000.0,5196200700.0
000048,20180516,8440091370.0,8557834530.0,385392300.0,390768700.0
000049,20180516,7187634374.0,7187634374.0,205243699.99999997,205243699.99999997
000050,20180516,24041371068.0,35145790680.0,1401012300.0,2048123000.0
000055,20180516,4246146732.0,7409600172.0,678298200.0,1183642200.0
000056,20180516,2958389808.0,12153071436.0,286111200.0,1175345400.0
000058,20180516,3610971738.0,8291253773.0,538147800.0,1235656300.0
000059,20180516,12571591326.0,12571618836.0,1599439100.0,1599442600.0
000060,20180516,20502133314.0,22060655154.0,3317497300.0,3569685300.0
000061,20180516,11273992380.0,11284811265.0,1695337200.0,1696964100.0
000062,20180516,14626209114.0,15818477424.0,666949800.0,721316800.0
000063,20180516,107518057826.0,131272554058.0,3433984600.0,4192671800.0
000065,20180516,5976762432.0,7510372704.0,408248800.0,513003600.0
000066,20180516,20526069072.0,24259132680.0,2491027800.0,2944069500.0
000068,20180516,4348816992.0,4348820880.0,1006670599.9999999,1006671499.9999999
000069,20180516,49546993757.82,66124896204.9,6147269697.0,8204081415.0
000070,20180516,4892788110.0,5661763044.0,541837000.0,626994800.0
000078,20180516,10879996542.0,15509153938.0,1856654700.0,2646613300.0
000088,20180516,14916096000.0,14916096000.0,1942200000.0,1942200000.0
000089,20180516,15667878980.0,15667878980.0,2050769500.0,2050769500.0
000090,20180516,6915466374.0,10708203264.0,773542100.0,1197785600.0
000096,20180516,5798124800.0,5992800000.0,510848000.0,528000000.0
000099,20180516,4915230944.0,4915230944.0,606070400.0,606070400.0
000100,20180516,38350332735.0,44307350595.0,11727930500.0,13549648500.0
000150,20180516,10764447192.0,12843041664.0,375329400.0,447804800.0
000151,20180516,4038141600.0,4484097000.0,266544000.0,295980000.0
000153,20180516,2508296688.0,2549303904.0,311977200.00000006,317077600.00000006
000155,20180516,6579144000.0,8915400000.0,937200000.0,1270000000.0
000156,20180516,11327317020.0,16340211660.0,993624300.0,1433351900.0
000157,20180516,26646411588.0,33358525440.0,6225797100.0,7794048000.0
000158,20180516,8333227174.0,13570103750.0,1015009399.9999999,1652874999.9999998
000159,20180516,2092955955.0,2092955955.0,481139300.00000006,481139300.00000006
000166,20180516,97136378120.0,109299331310.0,20028119200.0,22535944600.0
000301,20180516,7394694948.0,7394694948.0,1218236400.0,1218236400.0
000333,20180516,346348191680.0,358170829440.0,6366694700.0,6584022600.0
000338,20180516,36248791320.0,67176804240.0,4315332300.0,7997238600.0
000400,20180516,9860023872.0,9861440994.0,1008182400.0000001,1008327300.0000001
000401,20180516,15789407852.0,15792968388.0,1347219100.0,1347522900.0
000402,20180516,26979779820.0,26990036997.0,2987794000.0,2988929900.0
000403,20180516,8534337479.0,8768821392.0,265288700.0,272577600.0
000404,20180516,3774327195.0,3793178200.0,692537100.0,695996000.0
000407,20180516,4418353384.0,5271706754.0,737621600.0,880084600.0
000408,20180516,7378656348.0,32937237340.0,446649900.0,1993779500.0
000409,20180516,1669963720.0,2156129664.0,395726000.0,510931200.00000006
000410,20180516,7587382100.0,7846076725.0,740232400.0,765470900.0
000411,20180516,5189197073.0,5192473500.0,207319100.0,207450000.0
000413,20180516,33903499968.0,47446470828.0,4094625600.0000005,5730250100.0
000415,20180516,20719753520.0,36117604392.0,3547903000.0,6184521300.0
000416,20180516,3163186005.0,3164635425.0,531627900.0,531871500.0
000417,20180516,5484353600.0,5490384768.0,779027500.0,779884200.0
000418,20180516,29947057056.0,43110361632.0,439364100.0,632487700.0
000419,20180516,3096753000.0,3098421390.0,543290000.0,543582700.0
000420,20180516,4424392364.0,5242079556.0,1663305400.0,1970706600.0
000421,20180516,3063660915.0,3063660915.0,572646900.0,572646900.0
000422,20180516,2235554370.0,2235688083.0,897812999.9999999,897866699.9999999
000423,20180516,37407748233.0,37416570015.0,653867300.0,654021500.0
000425,20180516,30841624737.0,30904079157.0,6993565700.0,7007727700.0
000426,20180516,11706427920.0,16442805280.0,1330275900.0,1868500599.9999998
000428,20180516,2559228820.0,3627376916.0,718884500.0,1018926100.0
000429,20180516,3868307850.0,17249150325.0,468885800.0,2090806100.0
000430,20180516,1958865290.0,3068518166.0,258425500.0,404817700.0
000488,20180516,16824029712.0,29472091710.0,1105389600.0,1936405500.0
000498,20180516,2481141000.0,6306383133.0,440700000.0,1120139100.0
000501,20180516,9713957348.0,11019666824.0,677875600.0,768992800.0
000502,20180516,1708811748.0,1722519604.0,183348900.0,184819700.0
000503,20180516,37254426855.0,37256180190.0,898779899.9999999,898822199.9999999
000504,20180516,6747821904.0,6767385108.0,310673200.0,311573900.0
000505,20180516,2865743655.0,5452033680.0,360470900.0,685790400.0
000506,20180516,4160446080.0,4161999744.0,928670999.9999999,929017799.9999999
000507,20180516,7806373818.0,7982258499.0,772143800.0,789540900.0
000509,20180516,2532796357.0,2534233117.0,825015100.0,825483100.0
000510,20180516,3384791872.0,3752562968.0,549479200.0,609182300.0
000511,20180516,6085871361.0,6085964640.0,1154814300.0,1154832000.0
000513,20180516,25710062688.0,40866079244.0,347997600.0,553141300.0
000514,20180516,5357945850.0,5357945850.0,843771000.0,843771000.0
000516,20180516,10184905292.0,10387429811.0,1932619600.0000002,1971049300.0000002
000517,20180516,10837150905.0,11366603325.0,3035616500.0,3183922500.0
000518,20180516,6187509557.0,6187632762.0,1029535700.0,1029556200.0
000519,20180516,7065109591.0,13487266937.0,735183100.0,1403461700.0
000520,20180516,3491688075.0,3491688075.0,1012083500.0,1012083500.0
000521,20180516,3505363599.0,4564892823.0,802142700.0,1044597900.0
000523,20180516,3521330990.0,4131259970.0,445738100.0,522944300.0
000524,20180516,2868055047.0,7057296558.0,272369900.0,670208600.0
000525,20180516,10220779296.0,11708381664.0,506983100.0,580772900.0
000526,20180516,2710777918.0,2710777918.0,96195100.0,96195100.0
000528,20180516,11959840638.0,11961324586.0,1125102600.0,1125242200.0
000529,20180516,3795430104.0,3888044064.0,569884400.0,583790400.0
000530,20180516,2824228992.0,4039890008.0,598353600.0,855908900.0
000531,20180516,4329713184.0,4329723296.0,685081200.0,685082800.0
000532,20180516,4300412168.0,4315747916.0,343483400.0,344708300.0
000533,20180516,3212192256.0,3239927040.0,684902400.0,690816000.0
000534,20180516,6412640805.0,6417795555.0,491390100.0,491785100.0
000536,20180516,7251055118.0,10013038736.0,2003053900.0,2766032800.0
000537,20180516,4916003638.0,22555125677.0,405945800.0,1862520700.0
000538,20180516,115854904500.0,115855716625.0,1041392400.0,1041399700.0
000539,20180516,11237200480.0,23101249600.0,2553909200.0,5250284000.0
000540,20180516,31877099940.0,34527836280.0,4337020400.0,4697664800.0
000541,20180516,7591452120.0,9907371096.0,1072239000.0,1399346200.0
000543,20180516,8522284960.0,8522284960.0,1790396000.0,1790396000.0
000544,20180516,4868736600.0,9097055800.0,347766900.0,649789700.0
000545,20180516,3693701935.0,3799307435.0,959403100.0,986833100.0
000546,20180516,8358170382.0,10426661796.0,572869800.0,714644400.0
000547,20180516,9851525160.0,14582214780.0,965835800.0000001,1429628900.0
000548,20180516,2840453690.0,2840537902.0,499200999.99999994,499215799.99999994
000550,20180516,6981596637.0,11627492580.0,518307100.0,863214000.0
000551,20180516,2852573252.0,2852573252.0,400080400.0,400080400.0
000552,20180516,5326440354.0,7821440820.0,1557438700.0,2286971000.0
000553,20180516,5669519934.0,38117305088.0,363897300.0,2446553600.0
000554,20180516,2524041912.0,3346321368.0,362649700.0,480793300.0
000555,20180516,13296677828.0,13690358773.0,935726800.0,963431300.0
000557,20180516,2370243060.0,5906417535.0,585245200.0,1458374700.0
000558,20180516,6609124179.0,6613719120.0,1288328300.0,1289224000.0
000559,20180516,23566958864.0,23567045320.0,2753149400.0,2753159500.0
000560,20180516,7967876273.0,16615340329.0,868906900.0,1811923700.0
000561,20180516,4152003381.0,4222267560.0,593991900.0,604044000.0
000563,20180516,11275742584.0,12176537298.0,2861863600.0,3090491700.0
000564,20180516,9026198280.0,28717418796.0,1888326000.0,6007828200.0
000565,20180516,2640576498.0,2640576498.0,433592200.0,433592200.0
000566,20180516,14220189995.0,17220773177.0,1103195500.0,1335979300.0
000567,20180516,3356053056.0,9869116104.0,150360800.0,442164700.0
000568,20180516,93778546800.0,97991942250.0,1401772000.0,1464752499.9999998
000570,20180516,1978710383.0,2700210383.0,411374300.00000006,561374300.0
000571,20180516,4110625036.0,4159867040.0,804427600.0,814064000.0
000572,20180516,6289440245.0,6298957795.0,1642151500.0,1644636500.0
000573,20180516,2625578500.0,2735427632.0,622175000.0,648205600.0
000576,20180516,9062890443.0,9251372557.0,433838700.0,442861300.0
000581,20180516,19632467240.0,23680070582.0,836492000.0,1008950600.0
000582,20180516,2463319872.0,12978248400.0,263175200.00000003,1386565000.0
000584,20180516,8491295916.0,8519075916.0,611324400.0,613324400.0
000585,20180516,1359008830.0,1947615100.0,609421000.0,873370000.0
000586,20180516,2534064000.0,2534064000.0,193440000.0,193440000.0
000587,20180516,8491083300.0,14866245800.0,1213011900.0,2123749400.0
000589,20180516,3062858835.0,3063083985.0,775407300.0,775464300.0
000590,20180516,3091821370.0,3316676120.0,223236200.0,239471200.0
000591,20180516,9668570250.0,15727123063.0,1848674999.9999998,3007098099.9999995
000592,20180516,7672429641.0,7746441409.0,1913324100.0,1931780900.0
000593,20180516,1930567560.0,2474553900.0,279792400.0,358631000.0
000595,20180516,3619492776.0,3714397398.0,744751600.0,764279300.0
000596,20180516,30312072000.0,39794472000.0,383600000.0,503600000.0
000597,20180516,5088816725.0,6123050575.0,473378300.0,569586100.0
000598,20180516,14393573652.0,14393573652.0,2986218600.0,2986218600.0
000599,20180516,3792862092.0,5047190704.0,627957300.0,835627600.0
000600,20180516,6889078712.0,11323078848.0,1090044100.0,1791626400.0
000601,20180516,6867408432.0,6872308812.0,1079781200.0,1080551700.0
000603,20180516,4649654908.0,7810453608.0,410746900.0,689969400.0
000605,20180516,3449392559.0,4456093310.0,194991100.0,251898999.99999997
000606,20180516,4182926496.0,6784982684.0,472113600.00000006,765799400.0
000607,20180516,4565877600.0,5251323744.0,884860000.0,1017698400.0
000608,20180516,4783736122.0,4784447492.0,749801900.0,749913400.0
000609,20180516,2387885115.0,2660559195.0,268603500.0,299275500.0
000610,20180516,2242253661.0,2256207487.0,235283700.00000003,236747900.00000003
000611,20180516,2430237519.0,2449065420.0,319347900.0,321822000.0
000612,20180516,7649056627.0,7665842142.0,1189588900.0,1192199400.0
000613,20180516,3004451736.0,4117971000.0,265645600.0,364100000.0
000615,20180516,3029174370.0,6699803085.0,354289400.0,783602699.9999999
000616,20180516,4891350348.0,4891401648.0,1430219400.0,1430234400.0
000617,20180516,3749511168.0,117751936760.0,287539200.0,9030056500.0
000619,20180516,2577600000.0,2577600000.0,360000000.0,360000000.0
000620,20180516,11380084200.0,11380143000.0,1896680700.0,1896690500.0
000622,20180516,1815715020.0,1815715020.0,425226000.00000006,425226000.00000006
000623,20180516,22497519512.0,23883295800.0,1095302800.0,1162770000.0
000625,20180516,38774684141.0,49515306035.0,3760881100.0,4802648500.0
000626,20180516,3641355000.0,5387710500.0,404595000.0,598634500.0
000627,20180516,10693301750.0,39030970680.0,1353582500.0,4940629200.0
000628,20180516,1721899548.0,2853156800.0,187980300.0,311480000.0
000629,20180516,14635139755.0,26370520834.0,4767146500.0,8589746200.0
000630,20180516,24666263892.0,27158455914.0,9560567400.0,10526533300.0
000631,20180516,9292223344.0,9292223344.0,2432519200.0,2432519200.0
000632,20180516,2820841524.0,2821048776.0,465485400.00000006,465519600.00000006
000633,20180516,3183381024.0,3184829928.0,384931200.0,385106400.0
000635,20180516,3606742440.0,3606742440.0,303087600.0,303087600.0
000636,20180516,13674543058.0,13983541022.0,875450900.0,895233100.0
000637,20180516,1880119350.0,2666960802.0,366495000.0,519875400.0
000638,20180516,2515422000.0,2515422000.0,309400000.0,309400000.0
000639,20180516,5904798260.0,8646439020.0,376101800.0,550728600.0
000650,20180516,7143231150.0,7145222377.0,1237995000.0,1238340100.0
000651,20180516,285822930204.0,288033190704.0,5969568300.0,6015730800.0
000652,20180516,5999844224.0,6005585773.0,1474163200.0,1475573900.0
000655,20180516,2488522036.0,2488522036.0,595340200.0,595340200.0
000656,20180516,27645422220.0,28300493740.0,5216117400.0,5339715800.0
000657,20180516,2855987241.0,7311254161.0,245570699.99999997,628654700.0
000659,20180516,4602814950.0,4602814950.0,1285702500.0,1285702500.0
000661,20180516,35922943960.0,35944728990.0,170009200.0,170112300.0
000662,20180516,3348529371.0,9779020372.0,287921700.0,840844400.0
000663,20180516,1968242787.0,3406477113.0,197021300.0,340988700.0
000665,20180516,6985037898.0,6985667052.0,636160100.0,636217400.0
000666,20180516,5368458852.0,12878537700.0,293518800.0,704130000.0
000667,20180516,6756182678.0,6808515518.0,2539918300.0,2559592300.0
000668,20180516,1949488836.0,1951528851.0,146688400.0,146841900.0
000669,20180516,5230290273.0,5312048859.0,478526100.0,486006300.0
000670,20180516,3787055663.0,5152918894.0,600167300.0,816627400.0
000671,20180516,23872849245.0,29768039490.0,3248006700.0,4050073400.0
000672,20180516,8022292214.0,8022292214.0,813619900.0,813619900.0
000673,20180516,8928535820.0,16939180700.0,417221300.0,791550500.0
000676,20180516,4313746433.0,13162638204.0,316489100.0,965710800.0
000677,20180516,3559588948.0,3559588948.0,863977900.0,863977900.0
000678,20180516,2557315608.0,2739286328.0,429079800.0,459611800.0
000679,20180516,2120286070.0,2120580000.0,356350600.0,356400000.0
000680,20180516,4396828384.0,5161676416.0,1056929900.0,1240787600.0
000681,20180516,7744066541.0,19384976658.0,279872300.0,700577400.0
000682,20180516,4322835582.0,4323481344.0,978017100.0,978163200.0
000683,20180516,8611735712.0,12060205616.0,2832807800.0,3967172900.0
000685,20180516,11554779678.0,13600526186.0,1253229900.0,1475111300.0
000686,20180516,17998082801.0,17998082801.0,2340452900.0,2340452900.0
000687,20180516,6153276480.0,8918561016.0,528632000.0,766199400.0
000688,20180516,11884732750.0,11884777685.0,1137295000.0,1137299300.0
000690,20180516,14661814207.0,15644634001.0,2039195300.0,2175887900.0
000691,20180516,1757442115.0,1955783500.0,290486300.0,323270000.0
000692,20180516,2072537151.0,2072720370.0,532785900.0,532833000.0
000693,20180516,918045712.0,1798958520.0,277355200.0,543492000.0
000695,20180516,2130741693.0,2134837475.0,221721300.0,222147500.0
000697,20180516,8444719252.0,10415644800.0,453773200.0,559680000.0
000698,20180516,2187705168.0,4146742864.0,432352800.00000006,819514400.0000001
000700,20180516,3180070584.0,3771934872.0,697383900.0000001,827178700.0000001
000701,20180516,3144081408.0,3383020992.0,377894400.0,406613100.0
000702,20180516,1749122976.0,1749122976.0,266634600.00000003,266634600.00000003
000703,20180516,34313572150.0,38408286190.0,1472685500.0,1648424300.0
000705,20180516,2182126590.0,2586114342.0,281928500.0,334123300.0
000707,20180516,1475978874.0,1475983644.0,464144300.0,464145800.0
000708,20180516,4525543595.0,4525543595.0,449408500.0,449408500.0
000709,20180516,34823424456.0,34829033584.0,10616897700.0,10618607800.0
000710,20180516,3728148120.0,21255077646.0,62198000.0,354605900.0
000711,20180516,4056195878.0,8781161718.0,337453900.0,730545900.0
000712,20180516,12321536454.0,12337920000.0,894810200.0,896000000.0
000713,20180516,2154895960.0,2154895960.0,298876000.0,298876000.0
000715,20180516,2351093664.0,2354810640.0,278565600.0,279006000.0
000716,20180516,2757543150.0,3377319350.0,580535400.0,711014600.0
000717,20180516,16743056256.0,16743108848.0,2419516800.0,2419524400.0
000718,20180516,9087451482.0,12047506111.0,2289030600.0,3034636300.0
000719,20180516,5076992475.0,7786580157.0,667147500.0,1023203700.0
000720,20180516,3669705000.0,5481016750.0,863460000.0,1289651000.0
000721,20180516,2166283343.0,2480307823.0,435871900.0,499055900.0
000722,20180516,3796814894.0,3796814894.0,464158300.0,464158300.0
000723,20180516,5871157092.0,22295211303.0,1081244400.0,4105932100.0
000725,20180516,147631759944.0,151721018332.0,33860495399.999996,34798398700.0
000726,20180516,6133373872.0,10084043139.0,561150400.0,922602300.0
000727,20180516,6564667200.0,10146230080.0,2930654999.9999995,4529567000.0
000728,20180516,26220735000.0,29952478300.0,2946150000.0,3365447000.0
000729,20180516,22334071180.0,25084999770.0,2509446200.0,2818539300.0
000731,20180516,4187709552.0,4187709552.0,591484400.0,591484400.0
000732,20180516,31325104440.0,31360157640.0,1243059700.0,1244450700.0
000733,20180516,6730367148.0,6730367148.0,469342200.0,469342200.0
000735,20180516,13213260633.0,14359374592.0,1059603900.0,1151513600.0
000736,20180516,5331658566.0,5331658566.0,297193900.0,297193900.0
000737,20180516,1750544400.0,1750544400.0,548760000.0,548760000.0
000738,20180516,17688717112.0,17688717112.0,1145642300.0,1145642300.0
000739,20180516,8681458437.0,8921422895.0,1146824100.0,1178523500.0
000750,20180516,17157242102.0,17157255940.0,4215538599.9999995,4215541999.9999995
000751,20180516,6048322566.0,6048339297.0,1409865400.0,1409869300.0
000752,20180516,3634519096.0,3634592130.0,263753200.0,263758500.0
000753,20180516,2997256635.0,3361120590.0,884146500.0,991481000.0
000755,20180516,2477717088.0,2477717088.0,469264600.0,469264600.0
000756,20180516,4151675689.0,6462554434.0,307303900.0,478353400.0
000757,20180516,3174885788.0,3174897036.0,451619600.0,451621200.0
000758,20180516,10672995708.0,10674031470.0,1969187400.0,1969378500.0
000759,20180516,5451409755.0,5454982215.0,680575500.0,681021500.0
000760,20180516,2591599428.0,3056505012.0,654444300.0,771844700.0
000761,20180516,11162880000.0,15811515720.0,2736000000.0,3875371500.0
000762,20180516,6253998768.0,6843565602.0,475951200.0,520819300.0
000766,20180516,6106621680.0,13144327920.0,449016300.0,966494700.0
000767,20180516,8416532839.0,8892363247.0,2912295100.0,3076942300.0
000768,20180516,48450963750.0,48451287500.0,2768626500.0,2768645000.0
000776,20180516,91926596995.0,118355491981.0,5919291500.0,7621087700.0
000777,20180516,4930608876.0,4930750336.0,383406600.0,383417600.0
000778,20180516,18468111588.0,18797045742.0,3921042800.0,3990880200.0
000779,20180516,2511360270.0,2511360270.0,186441000.0,186441000.0
000780,20180516,4564378350.0,4564378350.0,1014306300.0,1014306300.0
000782,20180516,3101903150.0,3670570915.0,446317000.0,528139700.0
000783,20180516,37378691272.0,37379201652.0,5529392200.0,5529467700.0
000785,20180516,2387901087.0,2389118367.0,251093700.0,251221700.0
000786,20180516,34218354720.0,43283628740.0,1413981600.0,1788579700.0
000788,20180516,4609888800.0,4916896875.0,558774400.0,595987500.0
000789,20180516,7771141966.0,7771325681.0,613349800.0,613364300.0
000790,20180516,3613455120.0,3614114310.0,560225600.0,560327800.0
000791,20180516,5797407300.0,5797624011.0,971090000.0,971126300.0
000792,20180516,34923623320.0,35383350620.0,2749891600.0,2786090600.0
000793,20180516,15890442960.0,16810875480.0,1891719400.0,2001294700.0
000795,20180516,3731024544.0,6167241504.0,685850100.0,1133684100.0
000796,20180516,3175233090.0,10358702580.0,246142100.0,803000200.0
000797,20180516,8646092795.0,8716290140.0,999548300.0,1007663600.0
000798,20180516,2500658487.0,2501332650.0,319368900.0,319455000.0
000799,20180516,8184961510.0,8184961510.0,324929000.0,324929000.0
000800,20180516,13129313130.0,15135750000.0,1411754100.0,1627499999.9999998
000801,20180516,6044787006.0,6044787006.0,1022806600.0,1022806600.0
000802,20180516,4490609970.0,8431932498.0,385129500.0,723150300.0
000803,20180516,2554618000.0,2554618000.0,127730900.0,127730900.0
000806,20180516,4791355338.0,7545394948.0,698448300.0,1099911800.0
000807,20180516,16266705486.0,18821376136.0,2253006300.0,2606838800.0
000809,20180516,2936257028.0,2936257028.0,824791300.0,824791300.0
000810,20180516,8408022324.0,9381358188.0,959819900.0,1070931300.0
000811,20180516,3641254190.0,3931385682.0,604859500.0,653054100.0
000812,20180516,3185643328.0,3658976776.0,669252800.0,768692600.0
000813,20180516,11367600608.0,23580388536.0,1080570400.0,2241481800.0
000815,20180516,3747744000.0,8224961290.0,316800000.0,695263000.0
000816,20180516,2779457200.0,2951110864.0,1336277500.0,1418803300.0
000818,20180516,9642883305.0,9665039725.0,690256500.0,691842500.0
000819,20180516,3193441108.0,3193649437.0,271320400.0,271338100.0
000820,20180516,4032949738.0,8934177704.0,287656900.0,637245200.0
000821,20180516,3870126948.0,6033617713.0,345238800.0,538235300.0
000822,20180516,7626182988.0,7626182988.0,895091900.0,895091900.0
000823,20180516,4773223245.0,4773627740.0,536920500.0,536966000.0
000825,20180516,12477372000.0,34177486800.0,2079562000.0,5696247800.0
000826,20180516,26585769010.0,32024528280.0,848301500.0,1021842000.0
000828,20180516,10353575376.0,10353589320.0,1039515599.9999999,1039516999.9999999
000829,20180516,8661494628.0,9633195368.0,953909100.0,1060924600.0
000830,20180516,28035194020.0,28052084320.0,1463978800.0,1464860800.0
000831,20180516,10789779000.0,10789779000.0,980889000.0,980889000.0
000833,20180516,2344135680.0,4144091160.0,378086400.0,668401800.0
000835,20180516,2086946550.0,2251379156.0,302895000.0,326760400.0
000836,20180516,5860972800.0,5861007720.0,1208448000.0,1208455200.0
000837,20180516,3425785020.0,4077020892.0,582616500.0,693370900.0
000838,20180516,2989331620.0,5205186206.0,631994000.0,1100462200.0
000839,20180516,26218158168.0,26223638616.0,3919007200.0,3919826400.0
000848,20180516,10634723198.0,10636976549.0,978355400.0000001,978562700.0000001
000850,20180516,3999941800.0,4001139600.0,943382500.0,943665000.0
000851,20180516,4783588690.0,5246100244.0,827610500.0,907629800.0
000852,20180516,5359492992.0,5359492992.0,598157700.0,598157700.0
000856,20180516,3793170000.0,3793170000.0,227000000.0,227000000.0
000858,20180516,300511182153.0,307306905360.0,3795770900.0,3881608000.0
000859,20180516,2550628125.0,2551101810.0,739312500.0,739449800.0
000860,20180516,17534230700.0,17534230700.0,570590000.0,570590000.0
000861,20180516,5185771569.0,6232165384.0,1872119700.0,2249879200.0
000862,20180516,1920181607.0,2704435770.0,501352900.0,706119000.0
000863,20180516,4436583942.0,6673865058.0,918547400.0,1381752600.0
000868,20180516,4110769056.0,4110793287.0,695561600.0,695565700.0
000869,20180516,19498814400.0,29474952000.0,453460800.0,685464000.0
000875,20180516,6312419039.0,6932594220.0,1954309300.0,2146314000.0
000876,20180516,30577785272.0,30945550834.0,4165910800.0,4216015100.0
000877,20180516,7709631324.0,9186813480.0,880094900.0,1048723000.0
000878,20180516,15792770800.0,15792846620.0,1416392000.0,1416398800.0
000880,20180516,1270269000.0,2595344700.0,135135000.0,276100500.0
000881,20180516,3206846304.0,10988775180.0,308054400.0,1055598000.0
000882,20180516,7148606688.0,7883573472.0,2482155100.0,2737351900.0
000883,20180516,23468189749.0,28567703305.0,5345829100.0,6507449500.0
000885,20180516,6740867560.0,6740867560.0,496382000.0,496382000.0
000886,20180516,5666562823.0,5804422121.0,965342900.0,988828300.0
000887,20180516,20840672880.0,21108925710.0,1218752800.0,1234440100.0
000888,20180516,4779095468.0,4779102724.0,526912400.0,526913200.0
000889,20180516,8957885717.0,8960524188.0,621643700.0,621826800.0
000890,20180516,2835790533.0,2835922752.0,379623900.0,379641600.0
000892,20180516,2894231428.0,7229826285.0,392704400.0,980980500.0
000893,20180516,1787811070.0,3375788718.0,400854500.0,756903300.0
000895,20180516,88974666492.0,88989087351.0,3299023600.0,3299558300.0
000897,20180516,4641384951.0,4641571214.0,1617207300.0,1617272200.0
000898,20180516,38369710704.0,45145200672.0,6148992100.0,7234807800.0
000899,20180516,3013500840.0,4546658548.0,646674000.0,975677800.0
000900,20180516,9479469375.0,9486426875.0,1516715100.0,1517828300.0
000901,20180516,7242552808.0,7845263180.0,378003800.0,409460500.0
000902,20180516,11131645155.0,12432164229.0,1168063500.0,1304529300.0
000903,20180516,5239542217.0,5932110408.0,1740711700.0000002,1970800800.0000002
000905,20180516,4970160000.0,4970160000.0,531000000.00000006,531000000.00000006
000906,20180516,3292172250.0,3912822984.0,429787500.0,510812400.0
000908,20180516,4403108654.0,5049905056.0,767092100.0,879774400.0
000909,20180516,3041599560.0,3054806472.0,311002000.0,312352400.0
000910,20180516,10785936960.0,11327508000.0,528722400.00000006,555270000.0
000911,20180516,2317178435.0,2317178435.0,324080900.0,324080900.0
000912,20180516,3972150000.0,3972150000.0,585000000.0,585000000.0
000913,20180516,7211222400.0,7211222400.0,453536000.0,453536000.0
000915,20180516,5583705400.0,5605209480.0,233432499.99999997,234331499.99999997
000917,20180516,9255919530.0,10135527545.0,1294534200.0,1417556300.0
000918,20180516,11618993260.0,11618993260.0,1804191500.0,1804191500.0
000919,20180516,4342493454.0,4349520000.0,503185799.99999994,503999999.99999994
000920,20180516,3320296336.0,3321140000.0,421892800.0,422000000.0
000921,20180516,10111813471.0,15276151734.0,902035099.9999999,1362725400.0
000922,20180516,3142671896.0,3566423952.0,431685700.0,489893400.0
000923,20180516,3694680000.0,12179923140.0,198000000.0,652729000.0
000925,20180516,3838968504.0,4939076049.0,305407200.0,392925700.0
000926,20180516,7985093528.0,8180218608.0,948348400.0,971522400.0
000927,20180516,6253070320.0,6253082472.0,1595171000.0,1595174100.0
000928,20180516,3975896905.0,6723147050.0,743158300.0,1256663000.0
000929,20180516,1566772060.0,1567865040.0,185636500.0,185766000.0
000930,20180516,11505424423.0,11505424423.0,964411100.0,964411100.0
000931,20180516,4458888720.0,4782356450.0,702187200.0,753127000.0
000932,20180516,24394183927.0,24396608500.0,3015350300.0,3015650000.0
000933,20180516,12524088733.0,12524295659.0,1900468700.0,1900500100.0
000935,20180516,15329881224.0,15329881224.0,763440300.0000001,763440300.0000001
000936,20180516,6177217046.0,7318465728.0,747847100.0,886012800.0
000937,20180516,13777283052.0,16749011832.0,2906599800.0,3533546800.0
000938,20180516,14730598400.0,74503832736.0,206080000.0,1042303200.0
000939,20180516,15158657429.0,19608681545.0,3037807100.0,3929595500.0
000948,20180516,2787743088.0,2789113860.0,246484800.0,246606000.0
000949,20180516,4417195676.0,4552715082.0,1220219800.0,1257656100.0
000950,20180516,3392931456.0,18526139984.0,316504800.0,1728184700.0
000951,20180516,9560359200.0,9562901400.0,670902400.0,671080800.0
000952,20180516,3709987248.0,3710139070.0,251695200.0,251705500.0
000953,20180516,2105465304.0,2105465304.0,294059400.0,294059400.0
000955,20180516,3004223454.0,3004244658.0,538391300.0,538395100.0
000957,20180516,4159428664.0,5170122880.0,476998699.99999994,592904000.0
000958,20180516,2825732736.0,4673638368.0,666446400.0,1102273200.0
000959,20180516,12370413837.0,22056754632.0,2966526100.0,5289389600.0
000960,20180516,17621293110.0,24314070691.0,1209423000.0,1668776300.0
000961,20180516,29117727421.0,29196037856.0,3699838300.0,3709788800.0
000962,20180516,3262150140.0,3262161980.0,440831100.0,440832700.0
000963,20180516,65004825600.0,72792076032.0,868120000.0,972116400.0
000965,20180516,5761031412.0,5761031412.0,1008937200.0,1008937200.0
000966,20180516,3657337530.0,3657337530.0,1108284100.0,1108284100.0
000967,20180516,6541017849.0,10257832431.0,744143100.0000001,1166988900.0
000968,20180516,5378931090.0,10129753269.0,513746999.99999994,967502700.0
000969,20180516,6895964364.0,7818181722.0,904982200.0,1026008100.0
000970,20180516,12441536000.0,12441536000.0,1065200000.0,1065200000.0
000971,20180516,3265028976.0,5731374033.0,582001600.0,1021635300.0
000972,20180516,2815185140.0,2815185140.0,771283600.0,771283600.0
000973,20180516,4604824000.0,4604934432.0,967400000.0,967423200.0
000975,20180516,14170574377.0,22851290350.0,878522900.0,1416695000.0
000976,20180516,5096935272.0,13866448772.0,586528800.0,1595678800.0
000977,20180516,29534525400.0,29652800600.0,1284109800.0,1289252200.0
000978,20180516,2476991952.0,2477488000.0,360027900.0,360100000.0
000979,20180516,11408932832.0,11411217632.0,8388921199.999999,8390601199.999999
000980,20180516,4288496800.0,16546386276.0,528140000.00000006,2037732300.0000002
000981,20180516,27467947452.0,42978652233.0,2574315600.0,4027989900.0
000982,20180516,4440406518.0,4440406518.0,1805043300.0,1805043300.0
000983,20180516,25020509738.0,25020528000.0,3151197700.0,3151200000.0
000985,20180516,2177943600.0,2177943600.0,129639500.0,129639500.0
000987,20180516,4899207950.0,20236856640.0,538374500.0,2223830400.0
000988,20180516,15148982200.0,17093545900.0,891116600.0,1005502700.0
000989,20180516,10361059290.0,18386843445.0,489884600.00000006,869354300.0
000990,20180516,5536031844.0,17893009932.0,387677300.0,1253011900.0
000993,20180516,2558780000.0,3141547290.0,373000000.0,457951500.0
000995,20180516,1263127160.0,1263145672.0,177405500.0,177408100.0
000996,20180516,4233150000.0,4233150000.0,345000000.0,345000000.0
000997,20180516,16978610765.0,18427064477.0,931355500.0,1010809900.0
000998,20180516,21211325500.0,27950332075.0,953318000.0,1256194700.0
000999,20180516,28383247653.0,28397889000.0,978395300.0,978900000.0
001696,20180516,5084356110.0,6526653900.0,891992300.0,1145027000.0
001872,20180516,11214922576.0,15564595718.0,464578400.0,644763700.0
001896,20180516,4080557241.0,5051080881.0,929511900.0000001,1150587900.0
001965,20180516,4799137640.0,53441529475.0,554813600.0,6178211500.0
001979,20180516,42913091241.0,178553454093.0,1899649900.0,7904092700.0
002001,20180516,39400912512.0,46411105680.0,1073009600.0,1263919000.0
002002,20180516,13197896214.0,16386045732.0,2081687100.0,2584549800.0
002003,20180516,5638272606.0,6944632866.0,473406600.0,583092600.0
002004,20180516,10780774992.0,12697324848.0,1727688300.0,2034827700.0
002005,20180516,5521504000.0,7694179200.0,1266400000.0,1764719999.9999998
002006,20180516,3090536400.0,3090536400.0,455160000.0,455160000.0
002007,20180516,28413498480.0,32925104580.0,802641200.0,930087700.0
002008,20180516,53408117895.0,57397437108.0,992900500.0,1067065200.0
002009,20180516,4312860622.0,5888029966.0,271419800.0,370549400.0
002010,20180516,6819740144.0,53819098844.0,412817200.0,3257814700.0
002011,20180516,5377564160.0,5870158080.0,840244400.0,917212200.0
002012,20180516,2964745670.0,2964745670.0,467625500.0,467625500.0
002013,20180516,25329065034.0,29085585204.0,3142563900.0,3608633400.0
002014,20180516,3485332832.0,3615967906.0,485422400.0,503616700.0
002015,20180516,2296032774.0,2296032774.0,400703799.99999994,400703799.99999994
002016,20180516,11125766232.0,13932626232.0,646095600.0,809095600.0
002017,20180516,2695338778.0,2704801374.0,345113800.0,346325400.0
002018,20180516,5649011952.0,5649011952.0,2277827400.0,2277827400.0
002019,20180516,14534635986.0,24791258284.0,707625900.0,1206974600.0
002020,20180516,6159655135.0,8870300225.0,511174699.99999994,736124500.0
002021,20180516,2751031200.0,2751260400.0,687757800.0,687815100.0
002022,20180516,7463697460.0,7739794920.0,494284600.0,512569200.0
002023,20180516,8913472360.0,10231814320.0,659280500.0,756791000.0
002024,20180516,70182006280.0,129409551830.0,5049065200.0,9310039700.0
002025,20180516,10851139640.0,10853700000.0,428898800.0,429000000.0
002026,20180516,2511444270.0,2877674040.0,366634200.0,420098400.0
002027,20180516,69358685495.0,146167224455.0,5804074100.0,12231566900.0
002028,20180516,11123825280.0,14596018560.0,579365900.0,760209300.0
002029,20180516,6853806460.0,6861483600.0,754824500.0,755670000.0
002030,20180516,12151539750.0,12686108750.0,694373700.0,724920500.0
002031,20180516,4935303288.0,5740422516.0,1890920800.0,2199395600.0
002032,20180516,28407434520.0,42862999844.0,544308000.0,821287600.0
002033,20180516,4511232442.0,4511318647.0,549480200.0,549490700.0
002034,20180516,2499183544.0,11546204696.0,53038700.0,245038300.0
002035,20180516,14861753451.0,16597672713.0,520916700.0,581762100.0
002036,20180516,5637283588.0,7963086673.0,395044400.0,558029900.0
002037,20180516,3506113422.0,3506113422.0,327368200.0,327368200.0
002038,20180516,26795961675.0,32361525000.0,567110300.0,684900000.0
002039,20180516,4372835392.0,4373309384.0,305365600.0,305398700.0
002040,20180516,3527610050.0,4281244150.0,306748700.0,372282100.0
002041,20180516,8301686150.0,8360000000.0,873861700.0,880000000.0
002042,20180516,13133293800.0,13147662660.0,1011810000.0,1012917000.0
002043,20180516,6998699443.0,8426241039.0,716345900.0,862460700.0
002044,20180516,31987245290.0,75828064070.0,1097332600.0,2601305800.0
002045,20180516,4169328574.0,4181547120.0,415685800.0,416904000.0
002046,20180516,2864160060.0,4409775931.0,340566000.0,524349100.0
002047,20180516,8462522770.0,8986689230.0,1263063100.0,1341296900.0
002048,20180516,6406261628.0,8710821743.0,460550800.0,626227300.0
002049,20180516,30943407528.0,31056940122.0,604599600.0,606817900.0
002050,20180516,27991814150.0,37953672510.0,1563788500.0000002,2120316900.0000002
002051,20180516,17307275524.0,17381529880.0,1108020200.0,1112774000.0
002052,20180516,3841629625.0,3841692455.0,745947500.0,745959700.0
002053,20180516,3642681560.0,5471627140.0,371702200.0,558329300.0
002054,20180516,2011644846.0,2678884812.0,314811400.0,419230800.0
002055,20180516,8291175552.0,9081281304.0,426500800.0,467144099.99999994
002056,20180516,14454583440.0,14463680000.0,1642566299.9999998,1643599999.9999998
002057,20180516,2306846269.0,2967969953.0,199381700.0,256522900.0
002058,20180516,1986758955.0,1986758955.0,143448300.0,143448300.0
002059,20180516,5327478054.0,5327478054.0,730792600.0,730792600.0
002060,20180516,4049713835.0,4051623277.0,1201695500.0,1202262100.0
002061,20180516,6741156805.0,15728098620.0,559432100.0,1305236400.0
002062,20180516,4178646523.0,4839975000.0,951855700.0000001,1102500000.0
002063,20180516,5582425954.0,6331160192.0,535227800.0,607014400.0
002064,20180516,7416488692.0,8082176000.0,1538690600.0,1676800000.0
002065,20180516,24737099622.0,27818517250.0,2791997700.0,3139787500.0
002066,20180516,2109030000.0,2109030000.0,230999999.99999997,230999999.99999997
002067,20180516,4542114467.0,5337573230.0,960277899.9999999,1128451000.0
002068,20180516,5432314375.0,6507219220.0,606962500.0,727063600.0
002069,20180516,2863732071.0,2965337874.0,686746300.0,711112200.0
002070,20180516,2220814064.0,2490211752.0,566534200.0,635258100.0
002071,20180516,4930428117.0,4996838349.0,518446700.0,525429900.0
002072,20180516,5086400000.0,5086400000.0,176000000.0,176000000.0
002073,20180516,5456675808.0,6819391863.0,748515200.0,935444700.0
002074,20180516,17378229276.0,20664311544.0,955898200.0,1136650800.0
002075,20180516,35573143684.0,35573161416.0,2206770700.0,2206771800.0
002076,20180516,2701776462.0,4714089756.0,445837700.0,777902600.0
002077,20180516,5322476159.0,5809288485.0,531715900.0,580348500.0
002078,20180516,28783942941.0,29477693724.0,2531569300.0,2592585200.0
002079,20180516,5357342736.0,5372429670.0,725927200.0,727971500.0
002080,20180516,7104000000.0,14328593730.0,640000000.0,1290864300.0
002081,20180516,33910460000.0,35023840275.0,2559280000.0,2643308700.0
002082,20180516,3187710922.0,3324860000.0,228182600.0,238000000.0
002083,20180516,4789933925.0,5021240000.0,866172500.0,908000000.0
002084,20180516,2257421364.0,2825671266.0,404555800.0,506392700.0
002085,20180516,23420172720.0,24230627076.0,2113734000.0,2186879700.0
002086,20180516,3957135104.0,6292832000.0,475617200.0,756350000.0
002087,20180516,4004813022.0,4010460013.0,815644200.0,816794300.0
002088,20180516,3453488871.0,5822560779.0,208166900.0,350968100.0
002089,20180516,5897210275.0,8316751080.0,974745500.0,1374669600.0
002090,20180516,3965423196.0,4427889998.0,212965800.0,237802900.0
002091,20180516,7451033590.0,12136641440.0,967666700.0,1576187200.0
002092,20180516,24005741820.0,25328105280.0,2034384899.9999998,2146449599.9999998
002093,20180516,9027955200.0,9349600000.0,972840000.0000001,1007500000.0000001
002094,20180516,7615884066.0,8811705105.0,352098200.0,407383500.0
002095,20180516,11397593250.0,11448216000.0,251602500.00000003,252720000.00000003
002096,20180516,2558878800.0,2561880300.0,370852000.0,371287000.0
002097,20180516,4436988840.0,7793785530.0,601218000.0,1056068500.0
002098,20180516,5062247744.0,5846140000.0,309996800.00000006,358000000.00000006
002099,20180516,8852064324.0,9016153268.0,1592097900.0,1621610300.0
002100,20180516,4689438721.0,6367972206.0,709446100.0,963384600.0
002101,20180516,4132294092.0,5331410037.0,274936400.0,354717900.0
002102,20180516,8543671422.0,11299157727.0,1991531800.0,2633836300.0
002103,20180516,2288883640.0,3860967390.0,325588000.0,549213000.0
002104,20180516,4613012094.0,5454140608.0,602220900.0,712028800.0
002105,20180516,2093080000.0,2093080000.0,368500000.0,368500000.0
002106,20180516,5241449735.0,5258330690.0,703550300.0,705816200.0
002107,20180516,4124382680.0,4260528360.0,349228000.0,360756000.0
002108,20180516,8976550707.0,8976550707.0,1090710900.0,1090710900.0
002109,20180516,2490596988.0,4811957736.0,544988400.0,1052944799.9999999
002110,20180516,18544402656.0,25714072800.0,990619800.0000001,1373615000.0
002111,20180516,3527441673.0,4730842725.0,284700700.0,381827500.0
002112,20180516,1744330420.0,1925280000.0,182652400.0,201599999.99999997
002113,20180516,4654380159.0,8862571703.0,473487300.0,901584100.0
002114,20180516,4556388975.0,4556639777.0,323377500.0,323395300.0
002115,20180516,3035206240.0,4874547040.0,344909800.0,553925800.0
002116,20180516,3695054713.0,3712720921.0,415641700.0,417628900.0
002117,20180516,5975112887.0,5976865968.0,363670900.0,363777600.0
002118,20180516,9946688460.0,12423370060.0,1025431800.0000001,1280759800.0
002119,20180516,3515514250.0,3589942000.0,201925000.0,206200000.0
002120,20180516,9596092878.0,70024167102.0,180309900.0,1315749100.0
002121,20180516,6629959200.0,11266582400.0,828744900.0,1408322800.0
002122,20180516,8633187603.0,8660520729.0,1184250700.0,1188000100.0
002123,20180516,5908363500.0,8512558600.0,598012500.0,861594999.9999999
002124,20180516,4616498976.0,6772228104.0,526997600.0,773085400.0
002125,20180516,2309837568.0,3082752000.0,258950400.0,345600000.0
002126,20180516,6678214690.0,7794523968.0,686353000.0,801081600.0
002127,20180516,14539079126.0,24581436106.0,967981300.0,1636580300.0
002128,20180516,15575587079.0,15575627105.0,1634374300.0,1634378500.0
002129,20180516,27896695075.0,27896695075.0,2644236500.0,2644236500.0
002130,20180516,5406452816.0,7018494196.0,972383600.0000001,1262319100.0
002131,20180516,8654178973.0,14137295667.0,3420624100.0000005,5587863900.0
002132,20180516,3181671292.0,3933046885.0,1016508400.0,1256564500.0
002133,20180516,3021405716.0,3684926392.0,634749100.0,774144200.0
002134,20180516,2040553340.0,2040553340.0,245849799.99999997,245849799.99999997
002135,20180516,4285707822.0,6609830058.0,670689800.0,1034402200.0
002136,20180516,2389172708.0,2403923600.0,213700600.0,215020000.0
002137,20180516,3212021169.0,6448096494.0,288591300.0,579343800.0
002138,20180516,11489927638.0,14609249506.0,642254200.0,816615400.0
002139,20180516,5251100400.0,6852993840.0,520942500.0,679860500.0
002140,20180516,4119301242.0,4179343265.0,439626600.00000006,446034500.00000006
002141,20180516,3857844480.0,6876018390.0,636608000.0,1134656500.0
002142,20180516,80111317448.0,90444024232.0,4490544700.0,5069732300.0
002143,20180516,11720340996.0,21397295478.0,969424400.0,1769834200.0
002144,20180516,1847025258.0,2380992222.0,137121400.0,176762600.0
002145,20180516,4983154958.0,7287904390.0,1088025100.0,1591245500.0
002146,20180516,40520218161.0,45264386199.0,3892432100.0,4348163900.0
002147,20180516,7925888268.0,26982407664.0,536984300.0,1828076400.0
002148,20180516,3137075784.0,4016845788.0,443089800.0,567351100.0
002149,20180516,3408484800.0,4152043568.0,349230000.0,425414300.0
002150,20180516,2152814615.0,2152814615.0,274243900.0,274243900.0
002151,20180516,7804286824.0,15725679728.0,254709100.0,513240200.0
002152,20180516,14532931006.0,17900887609.0,1971903800.0,2428885700.0
002153,20180516,12988265360.0,28600605047.0,484456000.0,1066788700.0
002154,20180516,3507891975.0,3979347750.0,1113616500.0,1263285000.0
002155,20180516,8893214718.0,10025009430.0,1066332700.0,1202039500.0
002156,20180516,11815022070.0,14017509675.0,972429800.0,1153704500.0
002157,20180516,9526592040.0,10384888460.0,2140807200.0,2333682800.0
002158,20180516,6200155059.0,6200155059.0,530381100.0,530381100.0
002159,20180516,2729421210.0,2731733990.0,138549300.0,138666700.0
002160,20180516,3389513350.0,4077639537.0,602045000.0,724269900.0
002161,20180516,4714014375.0,4993362450.0,698372500.0,739757400.0
002162,20180516,3519379500.0,3533421500.0,852150000.0,855550000.0
002163,20180516,4193597142.0,4194531000.0,803371100.0,803550000.0
002164,20180516,2958875331.0,5056280979.0,409249700.0,699347300.0
002165,20180516,2478642290.0,2829673070.0,527370700.0,602058100.0
002166,20180516,3527981209.0,4359694561.0,353859700.0,437281300.0
002167,20180516,4025319104.0,5116595040.0,488509600.0,620946000.0
002168,20180516,10539882048.0,11291315648.0,765979800.0,820589800.0
002169,20180516,3507606340.0,4191053440.0,659324500.0,787792000.0
002170,20180516,3384533735.0,4494739875.0,670204700.0,890047500.0
002171,20180516,7223376319.0,7516532240.0,1027507300.0,1069208000.0
002172,20180516,2834336124.0,3662015112.0,569143800.0,735344399.9999999
002173,20180516,2819573300.0,6338113660.0,202847000.0,455979400.0
002174,20180516,12732723715.0,19608486553.0,576924500.0,888467900.0
002175,20180516,2721456268.0,3874419948.0,529466200.00000006,753778200.0
002176,20180516,16343010618.0,16645833193.0,1442454600.0,1469182100.0
002177,20180516,2919672882.0,3448196589.0,644519400.0,761191300.0
002178,20180516,3897360510.0,4596965886.0,607065500.0,716038300.0
002179,20180516,31259736425.0,31599543135.0,782471500.0,790977300.0
002180,20180516,22438567816.0,34800596088.0,685775300.0,1063587900.0
002181,20180516,6091279068.0,6234882534.0,1134316400.0,1161058200.0
002182,20180516,3445115640.0,4951596350.0,449754000.0,646422500.0
002183,20180516,16072512236.0,16090049324.0,2120384200.0,2122697800.0
002184,20180516,2058386565.0,3678086700.0,135867100.0,242778000.0
002185,20180516,14508288909.0,14512878849.0,2130438900.0000002,2131112900.0000002
002186,20180516,4867810872.0,4907662240.0,305959200.0,308464000.0
002187,20180516,3211923988.0,3211923988.0,342422600.0,342422600.0
002188,20180516,879186356.0,1413099450.0,183930200.0,295627500.0
002189,20180516,3205097133.0,3213741200.0,198704100.0,199240000.0
002190,20180516,8008370880.0,8322522080.0,345188400.0,358729400.0
002191,20180516,10827212016.0,12422073864.0,1302913600.0,1494834400.0
002192,20180516,6246222843.0,8514094008.0,190491700.0,259655200.0
002193,20180516,3696317157.0,4184830845.0,231164300.0,261715500.0
002194,20180516,2906047288.0,3094390504.0,530300599.99999994,564669800.0
002195,20180516,21786398520.0,23738880090.0,3134733600.0,3415666200.0
002196,20180516,2595539885.0,3765011660.0,310843100.0,450899600.0
002197,20180516,4346293000.0,5151569000.0,434629300.0,515156900.0
002198,20180516,4848672954.0,5288253158.0,465323700.0,507509900.0
002199,20180516,2198401920.0,2483112480.0,215529600.00000003,243442400.00000003
002200,20180516,1322815311.0,1729007931.0,140874900.0,184132900.0
002201,20180516,2914221768.0,3101921775.0,312349600.0,332467500.0
002202,20180516,51215123938.0,64936272258.0,2804771299.9999995,3556203299.9999995
002203,20180516,13929298180.0,15989490083.0,1477126000.0,1695598100.0
002204,20180516,8015185500.0,8015185500.0,1931369999.9999998,1931369999.9999998
002205,20180516,1775964080.0,1775964080.0,116152000.0,116152000.0
002206,20180516,5329824258.0,6861191007.0,950057800.0,1223028700.0
002207,20180516,1753515458.0,1767520247.0,237282200.0,239177300.0
002208,20180516,4747585049.0,4759887000.0,319272700.0,320100000.0
002209,20180516,1993085388.0,2036394920.0,191091600.0,195244000.0
002210,20180516,15884142228.0,20380015332.0,1288251600.0,1652880400.0
002211,20180516,2527424055.0,2529983430.0,432038300.0,432475800.0
002212,20180516,8643172760.0,15299675348.0,647914000.0,1146902200.0
002213,20180516,2427902766.0,2539980000.0,196910200.0,206000000.0
002214,20180516,2382843456.0,3082240224.0,354589800.0,458666700.0
002215,20180516,5673087909.0,7157218212.0,724532300.0,914076400.0
002216,20180516,4531810536.0,6436204632.0,572198300.0,812652100.0
002217,20180516,22254945138.0,33973454202.0,2049258300.0,3128310700.0
002218,20180516,4473836720.0,4549738928.0,1215716500.0,1236342100.0
002219,20180516,13089363056.0,21841918244.0,1117793600.0,1865236399.9999998
002220,20180516,3022334536.0,4248489808.0,389476100.0,547485800.0
002221,20180516,18104035096.0,19863384912.0,1503657400.0,1649782800.0
002222,20180516,6987514992.0,7087950000.0,421442400.00000006,427500000.00000006
002223,20180516,18119702497.0,21242485511.0,855106300.0,1002476899.9999999
002224,20180516,3495297872.0,4889428151.0,470430400.0,658065700.0
002225,20180516,3009678718.0,4103872265.0,650038600.0,886365500.0
002226,20180516,4939132180.0,6769480814.0,911279000.0,1248981700.0
002227,20180516,3399692650.0,3410435804.0,219902500.0,220597400.0
002228,20180516,4571151640.0,5145874360.0,1038898099.9999999,1169516900.0
002229,20180516,5317112320.0,6435228160.0,415399400.0,502752200.0
002230,20180516,68973986200.0,79134259000.0,1815104900.0,2082480500.0
002231,20180516,2221721745.0,2743792769.0,288910500.0,356800100.0
002232,20180516,3673166748.0,3734133290.0,401878200.0,408548500.0
002233,20180516,9739739868.0,14450374212.0,803608900.0,1192275100.0
002234,20180516,2869667856.0,4204490064.0,206154300.0,302046700.0
002235,20180516,4366062162.0,5445132385.0,333541800.0,415976500.0
002236,20180516,42683436312.0,72700805496.0,1701891400.0,2898756200.0
002237,20180516,8879116500.0,9668448000.0,836075000.0000001,910400000.0000001
002238,20180516,5080816836.0,5080816836.0,617353200.0,617353200.0
002239,20180516,6925147746.0,11366834622.0,1907754200.0,3131359400.0
002240,20180516,7640252830.0,8340650172.0,490388500.0,535343400.0
002241,20180516,31591348360.0,37643205240.0,2723392100.0,3245103900.0
002242,20180516,12873413490.0,12886509690.0,766731000.0,767511000.0
002243,20180516,2623983310.0,2623983310.0,364949000.0,364949000.0
002244,20180516,16163365322.0,18606434522.0,2702903900.0,3111443900.0
002245,20180516,7818161895.0,8436449160.0,914404899.9999999,986719199.9999999
002246,20180516,4107906945.0,5451915564.0,413686500.0,549034800.0
002247,20180516,6229580940.0,10112209668.0,524375499.99999994,851196100.0
002248,20180516,3256378404.0,3256378404.0,307495600.0,307495600.0
002249,20180516,8097360444.0,14056655830.0,1365490800.0,2370431000.0
002250,20180516,7061989242.0,7351662674.0,889419300.0,925902100.0
002251,20180516,11656718776.0,12535245589.0,803357600.0,863903900.0
002252,20180516,97166188694.0,97204115834.0,4972681100.0,4974622100.0
002253,20180516,3932136390.0,4253051985.0,208601399.99999997,225626099.99999997
002254,20180516,7450219140.0,7452169920.0,610673700.0,610833600.0
002255,20180516,3574128739.0,6157001741.0,488936900.0,842271100.0
002256,20180516,5663103480.0,8508501788.0,1252899000.0,1882411900.0000002
002258,20180516,11454427244.0,11473281240.0,523511300.0,524373000.0
002259,20180516,4269618780.0,4438736970.0,723664200.0,752328300.0
002260,20180516,3171792000.0,3171792000.0,265199999.99999997,265199999.99999997
002261,20180516,6056495000.0,6941509375.0,969039200.0,1110641500.0
002262,20180516,16299648655.0,18598579210.0,884408500.0,1009147000.0
002263,20180516,5559884328.0,5559945896.0,1878339300.0,1878360100.0
002264,20180516,5557709898.0,6592350357.0,577124600.0,684563900.0
002265,20180516,4111025880.0,4319757672.0,303173000.0,318566200.0
002266,20180516,6643208253.0,8053389993.0,1632237900.0,1978719899.9999998
002267,20180516,8451773040.0,8451773040.0,1112075400.0,1112075400.0
002268,20180516,24920687617.0,25795601797.0,809902100.0,838336100.0
002269,20180516,8115375000.0,8115375000.0,2512500000.0,2512500000.0
002270,20180516,2539708441.0,4469387502.0,287622700.0,506159400.0
002271,20180516,22074714680.0,34039664760.0,571883800.0,881856600.0
002272,20180516,1537359054.0,2027151483.0,318293800.0,419700100.0
002273,20180516,12055004819.0,13036245703.0,614111300.0,664098100.0
002274,20180516,3216583168.0,4165008288.0,490332800.0,634909800.0
002275,20180516,8800385550.0,9738300000.0,533356700.0,590200000.0
002276,20180516,6793505925.0,7507295975.0,937035300.0,1035489100.0
002277,20180516,7125524156.0,7125524156.0,1416605200.0,1416605200.0
002278,20180516,4041718000.0,4275937800.0,343976000.0,363909600.0
002279,20180516,7170841984.0,8642540032.0,589707400.0,710735200.0
002280,20180516,12598169034.0,14826389457.0,1849951400.0,2177149700.0
002281,20180516,15288996135.0,15866682185.0,622769700.0,646300700.0
002282,20180516,2127876944.0,5060257060.0,184072400.0,437738500.0
002283,20180516,5532836184.0,5543045184.0,1124560200.0,1126635200.0
002284,20180516,4945855236.0,5317778760.0,685971600.0,737556000.0
002285,20180516,13973712276.0,16781060201.0,1702035599.9999998,2043978099.9999998
002286,20180516,3115469280.0,3500546880.0,328636000.0,369256000.0
002287,20180516,15103200000.0,15103200000.0,405999999.99999994,405999999.99999994
002288,20180516,4690067994.0,5459432082.0,800352900.0,931643700.0
002289,20180516,2068564883.0,2233621989.0,259543900.0,280253700.0
002290,20180516,1978168388.0,2922256092.0,164299700.0,242712300.00000003
002291,20180516,2292738500.0,2517197189.0,363350000.0,398921900.0
002292,20180516,9151663653.0,16272342405.0,763274700.0,1357159500.0
002293,20180516,10944243755.0,11655011980.0,699312700.0,744729200.0
002294,20180516,44717184000.0,44717184000.0,1046016000.0,1046016000.0
002295,20180516,1929173772.0,2096942880.0,231315800.0,251432000.0
002296,20180516,2223346979.0,2640362065.0,317167900.0,376656500.0
002297,20180516,3070817481.0,3643265723.0,397259700.0,471315100.0
002298,20180516,3872669436.0,5828794596.0,467713700.00000006,703960700.0
002299,20180516,14838561000.0,20191137345.0,910900000.0,1239480500.0
002300,20180516,3956224050.0,3961710000.0,541948500.0,542700000.0
002301,20180516,6746119680.0,6760304920.0,426969600.0,427867400.0
002302,20180516,14647401879.0,17912808936.0,1032234100.0,1262354400.0
002303,20180516,8803427331.0,8806668327.0,1541756100.0,1542323700.0
002304,20180516,162975852800.0,197716825600.0,1242194000.0,1506988000.0000002
002305,20180516,6328274550.0,6763441620.0,1622634500.0,1734215800.0
002306,20180516,2585124100.0,2600000000.0,795422800.0,800000000.0
002307,20180516,5974462896.0,6017983952.0,557319300.0,561379100.0
002308,20180516,8546306703.0,9346067643.0,835416100.0,913594100.0
002309,20180516,6236184240.0,12497615130.0,436096800.0,873959100.0
002310,20180516,31734443660.0,52448319675.0,1623245200.0,2682778500.0
002311,20180516,38623614736.0,39583397700.0,1541245600.0,1579545000.0
002312,20180516,5730792414.0,7502116872.0,1073182100.0,1404890800.0
002313,20180516,8863920000.0,8863922841.0,312000000.0,312000100.0
002314,20180516,4087043036.0,10401517862.0,737733400.0,1877530300.0
002315,20180516,2387851974.0,4462650000.0,125742600.00000001,235000000.00000003
002316,20180516,3300494696.0,4119897600.0,314932700.0,393120000.0
002317,20180516,7989600025.0,10123751473.0,642767500.0,814461100.0
002318,20180516,5782170420.0,5974691890.0,814390200.0,841505900.0
002319,20180516,2965139860.0,2966000000.0,199942000.0,200000000.0
002320,20180516,10888096245.0,12878281650.0,429510700.0,508019000.0
002321,20180516,3143770154.0,3964439962.0,423688700.0,534291100.0
002322,20180516,4213557407.0,5855086024.0,286441700.0,398034400.0
002323,20180516,1905711600.0,4474377600.0,317618600.0,745729600.0
002324,20180516,3696983910.0,6289137000.0,159215500.0,270850000.0
002325,20180516,4098675144.0,5663897052.0,904784800.0,1250308400.0
002326,20180516,4746632058.0,7253359848.0,538166900.0,822376400.0
002327,20180516,5742439137.0,10027023976.0,498908700.0,871157600.0
002328,20180516,2117268132.0,2917131000.0,325233200.0,448100000.0
002329,20180516,2947721718.0,4799677773.0,514436599.99999994,837640099.9999999
002330,20180516,3297771423.0,3298140000.0,501943900.0,502000000.0
002331,20180516,2987262300.0,3909931575.0,292010000.0,382202500.0
002332,20180516,6760090022.0,8594070436.0,720691899.9999999,916212199.9999999
002333,20180516,7614024290.0,7890876520.0,484969700.0,502603600.0
002334,20180516,3989964836.0,5266777846.0,571628200.0,754552700.0
002335,20180516,5510259755.0,6861514429.0,224633500.0,279719300.0
002336,20180516,4247410000.0,5008000000.0,339250000.0,400000000.0
002337,20180516,2573656902.0,2578136766.0,587592900.0,588615700.0
002338,20180516,3225225024.0,3225601344.0,239972100.0,240000100.0
002339,20180516,2612779754.0,3393659520.0,303106700.0,393696000.00000006
002340,20180516,22201501663.0,27207440439.0,3113815100.0,3815910300.0
002341,20180516,8829049755.0,16020140386.0,616123500.0,1117944200.0
002342,20180516,4511414272.0,4915200000.0,881135600.0,960000000.0
002343,20180516,7676504360.0,11161318420.0,233328400.0,339249800.0
002344,20180516,7588007907.0,7657987650.0,1271023100.0,1282745000.0
002345,20180516,8050288020.0,8782503190.0,829926600.0000001,905412700.0000001
002346,20180516,6680119516.0,7542107832.0,391107700.00000006,441575400.00000006
002347,20180516,1582181472.0,2228778976.0,318988200.0,449350600.0
002348,20180516,3005145957.0,3855104000.0,738365100.0,947199999.9999999
002349,20180516,6236262984.0,6758341188.0,775654600.0000001,840589700.0000001
002350,20180516,3344748708.0,3440474450.0,376237200.0,387005000.0
002351,20180516,2352072774.0,4679608986.0,299245900.0,595370100.0
002352,20180516,43439378289.0,214985101862.0,891795900.0,4413572200.0
002353,20180516,11784829105.0,16906123100.0,667695700.0,957854000.0000001
002354,20180516,7320585360.0,12366379080.0,554589800.0,936846900.0
002355,20180516,3815751108.0,6110363070.0,390158600.0,624781500.0
002356,20180516,7373942950.0,8339345070.0,274532500.0,310474500.0
002357,20180516,2308522051.0,2310414667.0,313232300.0,313489100.0
002358,20180516,16287508617.0,16633352730.0,910425300.0,929757000.0
002359,20180516,17113991475.0,26277423389.0,708067500.0,1087191700.0
002360,20180516,1860260064.0,2443038624.0,298118600.0,391512600.0
002361,20180516,2790228780.0,4011069540.0,600049200.0,862595599.9999999
002362,20180516,4379055296.0,5347651232.0,177721400.0,217031300.0
002363,20180516,2691010568.0,2904380094.0,385531600.0,416100300.0
002364,20180516,4914941152.0,5827262100.0,475332800.0,563565000.0
002365,20180516,4377740880.0,5422158000.0,237920700.00000003,294682500.0
002366,20180516,12044934513.0,21355623762.0,489035100.0,867057400.0
002367,20180516,4253610009.0,6516822559.0,520637700.0,797652700.0
002368,20180516,11997826540.0,12440269828.0,400461500.0,415229300.0
002369,20180516,3702732138.0,5124765744.0,419810900.0,581039200.0
002370,20180516,8323200000.0,10944487800.0,408000000.0,536494500.00000006
002371,20180516,16886513594.0,21535366888.0,359134700.0,458004399.99999994
002372,20180516,20778643152.0,23475684696.0,892553400.0,1008405700.0
002373,20180516,12281550000.0,22014192000.0,818770000.0,1467612800.0
002374,20180516,2967858800.0,3597452340.0,723868000.0000001,877427400.0000001
002375,20180516,8365651908.0,8951176620.0,1252343100.0,1339996500.0
002376,20180516,9869908680.0,11450253280.0,573831900.0,665712400.0
002377,20180516,3446306640.0,7312275096.0,431868000.0,916325200.0
002378,20180516,7533654720.0,7541206800.0,923242000.0,924167500.0
002379,20180516,2714105485.0,4215120000.0,596506700.0,926400000.0
002380,20180516,2437011200.0,4079857200.0,143353600.0,239991600.0
002381,20180516,1817388332.0,3350870000.0,232402600.0,428500000.0
002382,20180516,11817709650.0,12012826500.0,486325500.0,494355000.0
002383,20180516,9194275930.0,14455629426.0,472470500.0,742838100.0
002384,20180516,13664936980.0,26883312330.0,544419800.0,1071048299.9999999
002385,20180516,12317136156.0,23039456334.0,2268349200.0,4242993800.0
002386,20180516,4996724088.0,4997297712.0,671602700.0,671679800.0
002387,20180516,5008023026.0,20829509013.0,328826200.0,1367663100.0
002388,20180516,3056940000.0,3853814490.0,399600000.0,503766600.0
002389,20180516,8985004372.0,16120818082.0,527908600.0,947169100.0
002390,20180516,11045478852.0,16162411236.0,1165134900.0,1704895700.0
002391,20180516,3337512984.0,5047186248.0,237714600.0,359486200.0
002392,20180516,3174477690.0,4892917599.0,772378999.9999999,1190490900.0
002393,20180516,5355774972.0,5375124300.0,181798200.0,182455000.0
002394,20180516,3547752000.0,3547752000.0,323700000.0,323700000.0
002395,20180516,3172018440.0,3172018440.0,178806000.00000003,178806000.00000003
002396,20180516,12487321126.0,13637091076.0,534102700.0,583280200.0
002397,20180516,2389479166.0,4411669966.0,413404700.0,763264700.0
002398,20180516,3629814356.0,4894122660.0,256705400.0,346119000.0
002399,20180516,29084743644.0,29084743644.0,1247201700.0,1247201700.0
002400,20180516,6498503616.0,6868748174.0,1649366400.0,1743337100.0
002401,20180516,3887484588.0,3917860800.0,300888900.0,303240000.0
002402,20180516,7314439944.0,8712709772.0,718510800.0,855865400.0
002403,20180516,3104905002.0,3762446466.0,289097300.0,350320900.0
002404,20180516,2792078100.0,4043715900.0,398868300.0,577673700.0
002405,20180516,25937751812.0,32296245700.0,1030093400.0,1282615000.0
002406,20180516,2777782864.0,3741870000.0,416459200.0,561000000.0
002407,20180516,9242879240.0,11118602880.0,537376700.0,646430400.0
002408,20180516,24134400000.0,25563013920.0,1676000000.0,1775209300.0
002409,20180516,4338709788.0,8145275844.0,183145200.0,343827600.0
002410,20180516,22967676912.0,29640703112.0,867359400.0,1119361900.0
002411,20180516,9512270784.0,49508092809.0,294406400.0,1532283900.0
002412,20180516,4814952250.0,4969840000.0,286775000.0,296000000.0
002413,20180516,6830102550.0,10226504220.0,771763000.0,1155537200.0
002414,20180516,7737107625.0,10144160000.0,476129700.0,624256000.0
002415,20180516,327352507560.0,382008998700.0,7907065400.0,9227270500.0
002416,20180516,7946136715.0,8416788620.0,974986100.0,1032734800.0
002417,20180516,2444059040.0,2943000000.0,224225600.0,270000000.0
002418,20180516,5021227281.0,10307148000.0,553608300.0,1136400000.0
002419,20180516,18538393200.0,18544635000.0,1199896000.0,1200300000.0
002420,20180516,1876326346.0,1920790000.0,391717400.0,401000000.0
002421,20180516,7654332621.0,9752639325.0,1509730300.0,1923597500.0
002422,20180516,36122233000.0,50400000000.0,1032063800.0,1440000000.0
002423,20180516,7237977174.0,7237977174.0,502986600.0,502986600.0
002424,20180516,10528606107.0,20307168000.0,731661300.0,1411200000.0
002425,20180516,5229942762.0,5590424028.0,761272600.0,813744400.0
002426,20180516,8938637476.0,14729695756.0,2088466699.9999998,3441517700.0
002427,20180516,3127247589.0,3236997711.0,384655299.99999994,398154699.99999994
002428,20180516,7124289046.0,7223507200.0,644149100.0,653120000.0
002429,20180516,12474870518.0,14214593484.0,3972888700.0,4526940600.0
002430,20180516,14288453424.0,16610477436.0,829759200.0,964603800.0000001
002431,20180516,8212149348.0,10527856632.0,1159908100.0,1486985400.0
002432,20180516,4315074823.0,4315074823.0,432805900.0,432805900.0
002433,20180516,5898580300.0,6558778416.0,691510000.0,768907200.0
002434,20180516,8172871626.0,10827000000.0,1019061300.0,1350000000.0
002435,20180516,3218949600.0,8598409536.0,183730000.0,490776800.0
002436,20180516,6114866850.0,7588328250.0,1198993500.0,1487907500.0
002437,20180516,12326192376.0,12507319301.0,2166290400.0,2198122900.0
002438,20180516,2598499904.0,3537193296.0,356936800.0,485878200.0
002439,20180516,13700047805.0,21350250806.0,575390500.0,896692600.0
002440,20180516,13691847750.0,17073420000.0,615087500.0,767000000.0
002441,20180516,3389712695.0,4712138535.0,391874300.0,544755900.0
002442,20180516,4308754848.0,5452800000.0,379291800.0,480000000.0
002443,20180516,4272638346.0,4419346395.0,503255400.0,520535500.0
002444,20180516,11312545608.0,12021269286.0,1011855600.0,1075247700.0
002445,20180516,8864591978.0,9766514131.0,753151400.0,829780300.0
002446,20180516,3763236759.0,6759918361.0,424265700.00000006,762110300.0000001
002447,20180516,5714689393.0,7093149210.0,1149836900.0,1427193000.0
002448,20180516,3952426022.0,5230808226.0,458518100.00000006,606822300.0
002449,20180516,6861336852.0,7743334544.0,548030100.0,618477200.0
002450,20180516,59740750251.0,73142833062.0,2890215299.9999995,3538598599.9999995
002451,20180516,10820801740.0,11507040000.0,413007700.0,439200000.0
002452,20180516,1861502832.0,2664930240.0,369345800.0,528756000.0
002453,20180516,3558797208.0,3702024000.0,549197100.0,571300000.0
002454,20180516,4117728615.0,4218879665.0,411361500.0,421466500.0
002455,20180516,2413361400.0,3949705044.0,315885000.0,516977100.0
002456,20180516,52185518632.0,53311719440.0,2657103800.0,2714446000.0
002457,20180516,2834962152.0,3426968160.0,277122400.0,334992000.0
002458,20180516,3365675214.0,6457430232.0,175845100.0,337378800.0
002459,20180516,5100466254.0,5122924974.0,386985300.0,388689300.0
002460,20180516,37433963280.0,52917346020.0,524285199.99999994,741139300.0
002461,20180516,8665260695.0,14098901908.0,1360323500.0,2213328400.0
002462,20180516,5943736352.0,5972546992.0,249317800.0,250526300.0
002463,20180516,7497146048.0,7500235456.0,1673470099.9999998,1674159699.9999998
002464,20180516,6001620897.0,6911445513.0,202279100.0,232943900.0
002465,20180516,19366014576.0,23812324656.0,1876551800.0,2307395800.0
002466,20180516,70857490080.0,71264094720.0,1135536700.0,1142052800.0
002467,20180516,4290569074.0,5369933646.0,629115700.0,787380300.0
002468,20180516,7763558400.0,35820771480.0,331776000.0,1530802200.0
002469,20180516,2400532176.0,2606901304.0,463423200.0,503262800.0
002470,20180516,24404494840.0,28262650995.0,2726759200.0,3157838100.0000005
002471,20180516,4331324640.0,4361920000.0,1259106000.0,1268000000.0
002472,20180516,5211425592.0,6563265040.0,545128200.0,686534000.0
002473,20180516,1217600000.0,1217600000.0,160000000.0,160000000.0
002474,20180516,4377106989.0,5805126000.0,469143300.0,622200000.0
002475,20180516,73451334233.0,73707911906.0,3161917100.0,3172962200.0
002476,20180516,3323657386.0,3494520000.0,582076600.0,612000000.0
002477,20180516,7301586110.0,11506036099.0,1989533000.0,3135159700.0
002478,20180516,3096224440.0,5015958980.0,609493000.0,987393500.0
002479,20180516,5485834957.0,6714691000.0,730470700.0,894100000.0
002480,20180516,4877210189.0,4973715643.0,640894900.0,653576300.0
002481,20180516,4970633157.0,5571549900.0,1127127700.0,1263390000.0
002482,20180516,9952091264.0,11652580126.0,1312940800.0,1537279700.0
002483,20180516,2856668528.0,3342065566.0,574782400.0,672447800.0
002484,20180516,6106788501.0,6545698665.0,760496700.0000001,815155500.0000001
002485,20180516,8214274217.0,8214402567.0,319995100.0,320000100.0
002486,20180516,3449358250.0,3502720000.0,819325000.0,832000000.0
002487,20180516,2359800000.0,2413114000.0,540000000.0,552200000.0
002488,20180516,8376974400.0,11028861688.0,512040000.0,674135800.0
002489,20180516,8086296579.0,9377424315.0,1876170900.0000002,2175736500.0
002490,20180516,1651066417.0,4300403415.0,306320300.0,797848500.0
002491,20180516,15635568312.0,17018351319.0,1159048800.0,1261553100.0
002492,20180516,2828569698.0,3244050000.0,353129800.0,405000000.0
002493,20180516,52488422400.0,58613760000.0,5125822500.0,5724000000.0
002494,20180516,2233301400.0,2918695256.0,295020000.0,385560800.0
002495,20180516,2428106900.0,3330827136.0,682052500.0,935625600.0
002496,20180516,3551421815.0,5230950395.0,1023464500.0,1507478500.0
002497,20180516,10559887056.0,12441600000.0,814806100.0,959999999.9999999
002498,20180516,9611809962.0,9614440440.0,3325885800.0,3326796000.0
002499,20180516,2845086699.0,3294270000.0,163229300.0,189000000.0
002500,20180516,22290354576.0,22290354576.0,2828725200.0,2828725200.0
002501,20180516,7964064376.0,9670091376.0,1000510600.0,1214835600.0
002502,20180516,4161575656.0,6130580057.0,583671200.0,859828900.0
002503,20180516,7993168255.0,12340558005.0,2023586900.0,3124191900.0
002504,20180516,2143213160.0,5303388585.0,414548000.0,1025800500.0
002505,20180516,12834010332.0,12835770948.0,5484619800.0,5485372200.0
002506,20180516,12037190400.0,24147648000.0,2523520000.0,5062400000.0
002507,20180516,20663070225.0,21162669213.0,770722500.0,789357300.0
002508,20180516,34774054792.0,35313514209.0,934535200.0,949032900.0
002509,20180516,7222109286.0,10942042953.0,1645127400.0000002,2492492700.0
002510,20180516,4393902720.0,5341596956.0,737232000.0,896241100.0
002511,20180516,11659899651.0,12051261786.0,732866100.0,757464600.0
002512,20180516,6882261704.0,11786354436.0,639615400.0,1095386100.0
002513,20180516,2334488512.0,3169603384.0,250481600.0,340086200.0
002514,20180516,2315676148.0,3579061578.0,358463800.0,554034300.0
002515,20180516,7483633584.0,7669976272.0,954545100.0,978313300.0
002516,20180516,4158966804.0,6580480902.0,949535800.0,1502392900.0
002517,20180516,7846305898.0,20348465906.0,553336100.0,1435011700.0
002518,20180516,7761993544.0,8258884776.0,553637200.0,589078800.0
002519,20180516,4971338112.0,7125100944.0,796688800.0,1141843100.0
002520,20180516,5418372148.0,5662789580.0,530173399.99999994,554089000.0
002521,20180516,3294266494.0,3789293228.0,430060900.0,494685800.0
002522,20180516,10243301994.0,10896526182.0,851479800.0,905779400.0
002523,20180516,4758764580.0,5737395240.0,1175003600.0,1416640800.0
002524,20180516,3752828548.0,3769962672.0,501045200.0,503332800.0
002526,20180516,3556440000.0,4108445442.0,534000000.0,616883700.0
002527,20180516,3117042342.0,5004781584.0,386250600.0,620171200.0
002528,20180516,4088140980.0,5095796576.0,839454000.0,1046364800.0
002529,20180516,3302000000.0,4292600000.0,199999999.99999997,259999999.99999997
002530,20180516,4168514090.0,9667615430.0,211599700.0,490741900.0
002531,20180516,11162301660.0,11225609890.0,1768986000.0,1779019000.0
002532,20180516,2338087300.0,3146409890.0,383293000.0,515804900.00000006
002533,20180516,2927267727.0,3147260197.0,514458299.99999994,553121300.0
002534,20180516,5743113560.0,5841195220.0,726976400.0,739391800.0
002535,20180516,2317441104.0,3463270560.0,536444699.99999994,801683000.0
002536,20180516,4057732608.0,4379559648.0,309278400.0,333807900.0
002537,20180516,12520498725.0,13401959571.0,1169047500.0,1251350100.0
002538,20180516,5225560164.0,5371539844.0,698604300.0,718120300.0
002539,20180516,2614931859.0,5525247000.0,478049700.0,1010100000.0
002540,20180516,5159241408.0,9300275940.0,704814400.0,1270529500.0
002541,20180516,3454999488.0,4874076764.0,247492799.99999997,349145900.0
002542,20180516,4859619140.0,12858100000.0,684453400.0,1811000000.0
002543,20180516,8129990484.0,9583202178.0,373277800.0,440000100.0
002544,20180516,8246024800.0,9210785844.0,511539999.99999994,571388700.0
002545,20180516,5164053325.0,10781137570.0,618449500.0,1291154200.0
002546,20180516,3479471465.0,3711518495.0,781903700.0,834049100.0
002547,20180516,7201920600.0,10152514800.0,800213400.0,1128057200.0
002548,20180516,2705656701.0,3306876958.0,311352900.0,380538200.0
002549,20180516,3857861078.0,3879414000.0,620234900.0,623700000.0
002550,20180516,5919561845.0,8384000000.0,903749900.0,1280000000.0
002551,20180516,3281095475.0,5682932115.0,407589499.99999994,705954299.9999999
002552,20180516,1132842774.0,1733274818.0,200148900.0,306232300.0
002553,20180516,1737090797.0,2738760000.0,220723100.0,348000000.0
002554,20180516,3236345163.0,4144034700.0,836264900.0,1070810000.0
002555,20180516,17009845608.0,31448342112.0,1161874700.0,2148110800.0
002556,20180516,4287129768.0,4391712000.0,700511400.0,717600000.0
002557,20180516,8994180000.0,8994180000.0,507000000.00000006,507000000.00000006
002558,20180516,11463616296.0,54334359200.0,427109400.0,2024380000.0
002559,20180516,2661096840.0,3245130450.0,305873200.0,373003500.00000006
002560,20180516,2059577608.0,3209976924.0,275344600.0,429141300.0
002561,20180516,4203033018.0,4398772540.0,397262100.0,415763000.0
002562,20180516,3610832760.0,6296889636.0,310209000.0,540969900.0
002563,20180516,21974190580.0,32138972910.0,1838844400.0,2689453800.0
002564,20180516,4613956956.0,5974387440.0,568221300.0,735762000.0000001
002565,20180516,3896722530.0,4034805743.0,684837000.0,709104700.0
002566,20180516,1978355631.0,2909064564.0,225068900.00000003,330951600.00000006
002567,20180516,3709934228.0,4785184976.0,648589900.0,836570800.0
002568,20180516,5209729140.0,9757753760.0,380272200.0,712244800.0
002569,20180516,2598353040.0,2604187860.0,139696400.0,140010100.0
002570,20180516,5049605262.0,5051248800.0,1022187299.9999999,1022519999.9999999
002571,20180516,1741999488.0,2696620816.0,253197600.0,391950700.0
002572,20180516,22280490635.0,33197175485.0,619763300.0,923426299.9999999
002573,20180516,16526330504.0,16560247452.0,1078742200.0,1080956100.0
002574,20180516,3664320000.0,3664320000.0,528000000.0,528000000.0
002575,20180516,3114328800.0,3114328800.0,588720000.0,588720000.0
002576,20180516,1589918679.0,1916811000.0,136943900.0,165100000.0
002577,20180516,4803558704.0,4834961992.0,281238800.0,283077400.0
002578,20180516,2192430800.0,3952373200.0,548107700.0,988093300.0
002579,20180516,3270596800.0,3510609152.0,352435000.0,378298400.0
002580,20180516,1858457594.0,2205776356.0,298307800.0,354057200.0
002581,20180516,5377871720.0,10357848920.0,342539600.0,659735600.0
002582,20180516,3593682984.0,7853868843.0,235960800.0,515684100.0
002583,20180516,11080167384.0,19202944398.0,1047274800.0,1815023100.0
002584,20180516,5000704064.0,10018904768.0,292097200.0,585216400.0
002585,20180516,5377332782.0,7296114811.0,852192200.0,1156278100.0
002586,20180516,4931836569.0,7408454337.0,693647900.0,1041976700.0
002587,20180516,3081670368.0,4793264672.0,393070200.0,611385800.0
002588,20180516,4838404935.0,7670140920.0,729774500.0,1156884000.0
002589,20180516,17459220735.0,22344949440.0,1175705100.0,1504710400.0
002590,20180516,4411388667.0,4973939390.0,425399100.00000006,479647000.00000006
002591,20180516,1668355800.0,2912860550.0,175616400.0,306616900.0
002592,20180516,4551245757.0,6315452448.0,204183300.0,283331200.0
002593,20180516,1780210916.0,2678373900.0,466023800.0,701145000.0
002594,20180516,59967382440.0,143718567972.0,1138333000.0,2728142900.0
002595,20180516,7972424460.0,12384000000.0,515014500.0,800000000.0
002596,20180516,7404141240.0,10957525440.0,725896200.0,1074267200.0
002597,20180516,13601702686.0,13716582022.0,559510600.0,564236200.0
002598,20180516,2249953275.0,2592720000.0,270752500.0,312000000.0
002599,20180516,2433615360.0,4157867520.0,190126200.0,324833400.0
002600,20180516,9190052024.0,46944664120.0,1328042200.0,6783911000.0
002601,20180516,12004629972.0,36313544798.0,671775600.0,2032095400.0
002602,20180516,36244358057.0,51495969083.0,1027043300.0,1459222700.0
002603,20180516,16636800015.0,20289302154.0,988520500.0000001,1205543800.0000002
002604,20180516,1369284125.0,1648793850.0,497921500.0,599561400.0
002605,20180516,2788241470.0,4142474756.0,267329000.0,397169200.0
002606,20180516,2684793536.0,2722073280.0,401915200.0,407496000.0
002607,20180516,2863579712.0,3330564160.0,705315200.0000001,820336000.0000001
002608,20180516,4446354825.0,26838448725.0,538952100.0,3253145300.0
002609,20180516,5106544470.0,9265022760.0,367377300.0,666548400.0
002610,20180516,9418876422.0,10014621368.0,4223711400.0,4490861600.0
002611,20180516,7437881478.0,13307209110.0,642304100.0,1149154500.0
002612,20180516,2761254960.0,5296000000.0,208554000.0,400000000.0
002613,20180516,1888845560.0,3467529000.0,510498800.0,937170000.0
002614,20180516,7379309287.0,13620471760.0,303800300.0,560744000.0
002615,20180516,1783412960.0,3119040000.0,234659600.0,410400000.0
002616,20180516,3321512610.0,5370126603.0,459407000.0,742756100.0
002617,20180516,8547351750.0,9001602575.0,697743000.0,734824700.0
002618,20180516,7418836800.0,7418836800.0,547920000.0,547920000.0
002619,20180516,4065405683.0,8837053277.0,848727700.0,1844896300.0
002620,20180516,2658835103.0,3179125000.0,303173900.0,362500000.0
002621,20180516,3624392772.0,4789125000.0,255418800.0,337500000.0
002622,20180516,6941622980.0,6946800000.0,839374000.0,840000000.0
002623,20180516,3153174336.0,3161600000.0,159573600.0,160000000.0
002624,20180516,16732659528.0,47171507760.0,466350599.99999994,1314702000.0
002625,20180516,5890382050.0,29720637870.0,251189000.0,1267404600.0
002626,20180516,11630459322.0,11947421160.0,600126900.0,616482000.0
002627,20180516,2518569340.0,3528505372.0,132139000.00000001,185126200.0
002628,20180516,3887882432.0,3952550832.0,725351200.0,737416200.0
002629,20180516,2394894940.0,2863038600.0,344589200.0,411948000.0
002630,20180516,9000805772.0,10951920000.0,606523300.0,738000000.0
002631,20180516,6904154673.0,6953631200.0,645851700.0,650480000.0
002632,20180516,5782392000.0,6533568944.0,554400000.0,626420800.0
002633,20180516,1744470000.0,1755000000.0,149100000.0,150000000.0
002634,20180516,1502232492.0,2563174456.0,270185700.0,461002600.00000006
002635,20180516,5907017424.0,13906824624.0,319643800.0,752533800.0
002636,20180516,2537973560.0,7498400000.0,246405199.99999997,728000000.0
002637,20180516,2154208972.0,3795578000.0,239622800.0,422200000.0
002638,20180516,4446339346.0,6894832624.0,979369900.0,1518685600.0
002639,20180516,2949278436.0,4489324182.0,442834600.0,674072700.0
002640,20180516,24277896505.0,30093843285.0,1248220900.0,1547241300.0
002641,20180516,3428225340.0,4301856000.0,895098000.0,1123200000.0
002642,20180516,5527693895.0,7376620345.0,495757300.0,661580300.0
002643,20180516,7413333030.0,7691266872.0,876280499.9999999,909133199.9999999
002644,20180516,5877662070.0,5877662070.0,510657000.0,510657000.0
002645,20180516,3289119936.0,4635017850.0,148627200.0,209445000.0
002646,20180516,6061500000.0,6061500000.0,450000000.0,450000000.0
002647,20180516,12105830373.0,12105830373.0,373291100.0,373291100.0
002648,20180516,10386247680.0,13785691968.0,801408000.0,1063710799.9999999
002649,20180516,4875424720.0,6146510064.0,417416500.0,526242300.0
002650,20180516,4594652748.0,5598720000.0,945401799.9999999,1152000000.0
002651,20180516,2580763020.0,6837050000.0,378411000.0,1002500000.0
002652,20180516,2959641825.0,3507638400.0,432064500.0,512064000.0
002653,20180516,7192418320.0,16052812200.0,484012000.0,1080270000.0
002654,20180516,3608762560.0,6643175008.0,490321000.0,902605300.0
002655,20180516,3434400000.0,3434400000.0,360000000.00000006,360000000.00000006
002656,20180516,4184888000.0,7285515364.0,255800000.0,445324900.0
002657,20180516,5524075750.0,6768412835.0,275515000.0,337576700.0
002658,20180516,3188001924.0,6333096741.0,304489200.0,604880300.0
002659,20180516,4175990970.0,6705726150.0,310482600.0,498567000.0
002660,20180516,1770055286.0,2552709916.0,190533400.00000003,274780400.0
002661,20180516,4840471200.0,4933300635.0,327280000.0,333556500.0
002662,20180516,6936753236.0,7140000000.0,1457301100.0,1500000000.0
002663,20180516,4577550670.0,6914178040.0,1188974200.0,1795890400.0
002664,20180516,8651710080.0,10320516000.0,335337600.0,400020000.0
002665,20180516,9881027429.0,16171650859.0,1551181700.0,2538720700.0
002666,20180516,2464559085.0,4186527060.0,444064700.0,754329200.0
002667,20180516,1335213126.0,1939197480.0,159143400.0,231131999.99999997
002668,20180516,8452653300.0,14043893630.0,382473000.0,635470300.0
002669,20180516,4926577855.0,5524272263.0,215040500.0,241129300.0
002670,20180516,7400067118.0,22497022088.0,492680900.0,1497804400.0
002671,20180516,1872889166.0,2655124040.0,333254300.0,472442000.0
002672,20180516,8818351395.0,14416088133.0,543336500.0,888237100.0
002673,20180516,32216926160.0,32216926160.0,3501839800.0000005,3501839800.0000005
002674,20180516,2639845638.0,3316862556.0,240423100.0,302082200.0
002675,20180516,6894146576.0,8393983790.0,577883200.0,703603000.0
002676,20180516,3117447584.0,3117600000.0,719964800.0,720000000.0
002677,20180516,5989757237.0,13677441622.0,282936100.0,646076600.0
002678,20180516,9611415072.0,10532206944.0,953513400.0,1044861800.0
002679,20180516,3758228000.0,3758228000.0,138680000.0,138680000.0
002680,20180516,11128343688.0,26990695116.0,401455400.0,973690300.0
002681,20180516,7132744234.0,14537588884.0,726348700.0,1480406200.0
002682,20180516,2543586300.0,3614155536.0,263857499.99999997,374912400.0
002683,20180516,6893717233.0,8116216160.0,595826900.0,701488000.0
002684,20180516,5153032097.0,7495015824.0,390085700.0,567374400.0
002685,20180516,5180000000.0,9321138975.0,560000000.0,1007690700.0
002686,20180516,3178020300.0,4320049500.0,325950800.0,443082000.0
002687,20180516,2092214100.0,2324280600.0,319422000.0,354852000.0
002688,20180516,3403237959.0,4059501183.0,532588100.0,635289700.0
002689,20180516,4116550008.0,4154273634.0,939851600.0,948464300.0
002690,20180516,6717921331.0,13905320000.0,326588300.0,676000000.0
002691,20180516,6238210662.0,6262000000.0,199240200.0,200000000.0
002692,20180516,3721476264.0,4610497320.0,579669200.0,718146000.0
002693,20180516,2916703464.0,2928150000.0,403416800.0,405000000.0
002694,20180516,3796614724.0,4562583552.0,496939100.0,597196800.0
002695,20180516,7730829755.0,8524268555.0,453421100.0,499957100.0
002696,20180516,2209256913.0,4950685053.0,103769700.0,232535700.0
002697,20180516,4639809417.0,7303200000.0,864024100.0,1360000000.0
002698,20180516,5977636875.0,7669125000.0,531345500.0,681700000.0
002699,20180516,13662861100.0,17063583852.0,728297499.9999999,909572699.9999999
002700,20180516,2413950114.0,3256911399.0,313093400.0,422426900.0
002701,20180516,10843057962.0,14202010368.0,1798185400.0,2355225600.0
002702,20180516,1639064350.0,2658602800.0,296395000.0,480760000.0
002703,20180516,2860085004.0,5022139656.0,449698900.0,789644600.0
002705,20180516,4597856358.0,8150646756.0,458867900.0,813437800.0
002706,20180516,3859209480.0,5541464265.0,547405600.0,786023300.0
002707,20180516,5798927304.0,9588685824.0,514089300.0,850060800.0
002708,20180516,1367694489.0,2667819659.0,240368099.99999997,468861099.99999994
002709,20180516,7947388742.0,15043878004.0,179439800.0,339667600.0
002711,20180516,9908615115.0,9979865280.0,1048530700.0000001,1056070400.0000001
002712,20180516,3338993280.0,6564168960.0,173905900.0,341883800.0
002713,20180516,1803500496.0,6330802968.0,74896200.0,262907100.00000003
002714,20180516,31253632912.0,60379117620.0,599647600.0,1158463500.0
002715,20180516,1463486596.0,1740640000.0,77351300.0,91999999.99999999
002716,20180516,6172976492.0,9514384448.0,366566300.0,564987200.0
002717,20180516,6908153880.0,13053338912.0,530988000.0,1003331200.0
002718,20180516,1089174696.0,3666518696.0,26031899.999999996,87631900.0
002719,20180516,2649677632.0,3407692732.0,84627200.0,108837200.0
002721,20180516,7292641260.0,11727790710.0,519049200.0,834718200.0
002722,20180516,2118877600.0,3351410150.0,110935999.99999999,175466500.0
002723,20180516,2294095800.0,3399807000.0,125980000.0,186700000.0
002724,20180516,2225997927.0,4866000000.0,274475700.0,600000000.0
002725,20180516,998805990.0,2329600000.0,109758900.0,256000000.0
002726,20180516,6932443968.0,7016533760.0,747030600.0,756092000.0
002727,20180516,8665613280.0,18395741520.0,267457200.0,567769800.0
002728,20180516,2162178625.0,3830000000.0,112907500.00000001,200000000.0
002729,20180516,2381142800.0,2381142800.0,66680000.0,66680000.0
002730,20180516,3021189600.0,3355809600.0,290499000.0,322674000.0
002731,20180516,1872050472.0,2205955200.0,127872300.0,150680000.0
002732,20180516,3979236641.0,4023439500.0,155621300.0,157350000.0
002733,20180516,3916935186.0,4400922924.0,311609800.0,350113200.0
002734,20180516,3103545078.0,4180314420.0,122283100.0,164709000.0
002735,20180516,1359680525.0,2729696599.0,41952500.00000001,84223900.00000001
002736,20180516,87658000000.0,87658000000.0,8200000000.0,8200000000.0
002737,20180516,11813561082.0,13350240000.0,516778700.0,584000000.0
002738,20180516,2974943668.0,4377317000.0,130709299.99999999,192325000.0
002739,20180516,59335451172.0,61110311800.0,1140189300.0,1174295000.0
002740,20180516,2355960621.0,2747177139.0,283509100.0,330586900.0
002741,20180516,6091063166.0,7357338208.0,309820100.0,374228800.0
002742,20180516,3676093356.0,5952960000.0,266770200.0,432000000.0
002743,20180516,1752024131.0,2896641631.0,203960900.0,337210900.0
002745,20180516,9357674400.0,19019806200.0,519870800.0,1056655900.0
002746,20180516,4227784650.0,4227784650.0,181840200.0,181840200.0
002747,20180516,11396127204.0,11621482488.0,822231400.0,838490800.0
002748,20180516,2944800000.0,2944800000.0,240000000.0,240000000.0
002749,20180516,3108301560.0,4819500000.0,82230200.0,127500000.00000001
002750,20180516,3809994797.0,3840795000.0,397288300.0,400500000.0
002751,20180516,3160753250.0,5279610490.0,92555000.0,154600600.0
002752,20180516,1346562805.0,6590457755.0,170235500.0,833180500.0
002753,20180516,1673479599.0,4323833349.0,85951700.0,222076700.0
002755,20180516,2104673439.0,2441280600.0,87367100.0,101340000.0
002756,20180516,3636065884.0,7077600000.0,184947400.0,360000000.0
002757,20180516,1364272140.0,3779665440.0,40078500.0,111036000.0
002758,20180516,1290778320.0,2184000000.0,124113300.0,210000000.0
002759,20180516,1256983434.0,4842847800.0,117365399.99999999,452179999.99999994
002760,20180516,1043882644.0,2008160000.0,45744200.0,88000000.0
002761,20180516,2033404909.0,4354800000.0,56032100.0,120000000.0
002762,20180516,1177530597.0,3449995400.0,69552900.0,203780000.0
002763,20180516,1532613600.0,5116608000.0,116460000.0,388800000.0
002765,20180516,1294152660.0,3418190337.0,162378000.0,428882100.0
002766,20180516,2618532245.0,5841292900.0,189063700.0,421754000.0
002767,20180516,763500000.0,3054000000.0,37500000.0,150000000.0
002768,20180516,2296800000.0,7161000000.0,87000000.0,271250000.0
002769,20180516,2993029836.0,5918793792.0,190396300.0,376513600.0
002770,20180516,2506689535.0,4718880218.0,581598500.0,1094867800.0
002771,20180516,1597548780.0,3320886165.0,77739600.0,161600300.0
002772,20180516,2252563650.0,3845158920.0,218695499.99999997,373316400.0
002773,20180516,3946370400.0,37755760000.0,70470900.0,674210000.0
002774,20180516,761235498.0,3006504000.0,84770100.0,334800000.0
002775,20180516,2676916137.0,5299385760.0,161942900.0,320592000.0
002776,20180516,2075556540.0,4737026540.0,105358200.0,240458200.0
002777,20180516,2015542800.0,5792187942.0,60040000.0,172540600.0
002778,20180516,1060210875.0,1701100355.0,55537500.0,89109500.0
002779,20180516,750288000.0,2449920000.0,40425000.0,132000000.00000001
002780,20180516,1254488365.0,2176209815.0,64764500.0,112349500.0
002781,20180516,1764189036.0,4333500000.0,91598600.0,224999999.99999997
002782,20180516,1544250000.0,6177000000.0,106500000.0,426000000.0
002783,20180516,1938863556.0,3781192812.0,107001300.0,208675100.0
002785,20180516,1085118720.0,2240000000.0,96885600.0,200000000.0
002786,20180516,1055517000.0,2943172800.0,136725000.0,381240000.0
002787,20180516,1020525776.0,2840863200.0,103501600.0,288120000.0
002788,20180516,2118000791.0,3923246968.0,69193100.0,128168800.0
002789,20180516,1367280280.0,2931323610.0,37874800.0,81200100.0
002790,20180516,922000000.0,3688000000.0,40000000.0,160000000.0
002791,20180516,1220244300.0,4880977200.0,80385000.0,321540000.0
002792,20180516,2032328982.0,6488227440.0,70714300.0,225756000.0
002793,20180516,997016946.0,3092000000.0,64490100.0,200000000.0
002795,20180516,1625625000.0,5100000000.0,63750000.0,200000000.0
002796,20180516,801123700.0,2745124070.0,29915000.0,102506500.0
002797,20180516,14292445050.0,26092880000.0,1918449000.0,3502400000.0
002798,20180516,1969628537.0,8136610852.0,32283700.0,133365200.0
002799,20180516,1024743750.0,1999500000.0,76875000.0,150000000.0
002800,20180516,914474670.0,1964084000.0,34770900.0,74680000.0
002801,20180516,925888000.0,3721950250.0,29440000.0,118345000.0
002802,20180516,1024250976.0,3048969000.0,36398400.0,108350000.0
002803,20180516,1757660000.0,4432360000.0,46000000.0,116000000.0
002805,20180516,1239629886.0,2250338436.0,53386300.0,96913800.0
002806,20180516,2767244623.0,6755168277.0,56164900.0,137105100.0
002807,20180516,4826930976.0,11876620896.0,718293300.0,1767354300.0
002808,20180516,1169894268.0,2557440000.0,87829900.0,192000000.0
002809,20180516,1576105540.0,3276034900.0,60156700.0,125039500.0
002810,20180516,1272351687.0,2376577200.0,51160100.0,95560000.0
002811,20180516,810000000.0,3240000000.0,45000000.0,180000000.0
002812,20180516,6916101500.0,15009500000.0,125747300.0,272900000.0
002813,20180516,966300000.0,3865200000.0,30000000.0,120000000.0
002815,20180516,3648231981.0,14095800000.0,212229899.99999997,819999999.9999999
002816,20180516,1026808832.0,1792000000.0,57299599.99999999,99999999.99999999
002817,20180516,1173089600.0,2447560800.0,41540000.0,86670000.0
002818,20180516,2556153600.0,12289200000.0,91520000.0,440000000.0
002819,20180516,1263567528.0,3239257200.0,44211600.0,113340000.0
002820,20180516,2067908434.0,3510272000.0,120648100.0,204800000.0
002821,20180516,10286985624.0,19557108393.0,121037600.0,230110700.0
002822,20180516,2185268400.0,4284000000.0,306060000.0,600000000.0
002823,20180516,1585841663.0,4689148925.0,98560700.0,291432500.0
002824,20180516,1101044689.0,2676600000.0,74044700.0,180000000.0
002825,20180516,703005550.0,2412455500.0,29231000.0,100310000.0
002826,20180516,2380870224.0,3430137600.0,131685300.00000001,189720000.00000003
002827,20180516,1183996875.0,3450000000.0,63146500.0,184000000.0
002828,20180516,1449669900.0,2993052300.0,58010000.0,119770000.00000001
002829,20180516,1521264910.0,4167852600.0,59009500.0,161670000.0
002830,20180516,922296000.0,3086821000.0,39840000.0,133340000.00000001
002831,20180516,5575608704.0,18664466600.0,119494400.00000001,400010000.0
002832,20180516,3448074000.0,7914914000.0,46470000.0,106670000.0
002833,20180516,2759374875.0,6996466420.0,53362500.0,135302000.0
002835,20180516,896717952.0,2274480000.0,85158400.0,216000000.0
002836,20180516,1050699520.0,2982400000.0,56368000.0,160000000.0
002837,20180516,1284593340.0,3863282601.0,67362000.0,202584300.0
002838,20180516,828757937.0,2773260000.0,37653700.0,125999999.99999999
002839,20180516,6508678758.0,14062556948.0,836591100.0,1807526600.0
002840,20180516,4616597000.0,10362674400.0,79596500.0,178666800.0
002841,20180516,3717900000.0,37343092500.0,40500000.0,406787500.0
002842,20180516,1711547500.0,4051000000.0,42250000.0,100000000.0
002843,20180516,1499400000.0,2529255750.0,84000000.0,141695000.0
002845,20180516,1536912000.0,4959201240.0,62400000.0,201348000.0
002846,20180516,797832000.0,3081201856.0,50400000.0,194643200.0
002847,20180516,1101378720.0,3868800000.0,35300600.0,124000000.0
002848,20180516,1448003151.0,2903395500.0,83362300.0,167150000.0
002849,20180516,1278059020.0,2920667790.0,37924600.0,86666700.0
002850,20180516,2944252034.0,6655600000.0,61932100.0,140000000.0
002851,20180516,3436675774.0,7519323082.0,82572700.0,180666100.0
002852,20180516,2254078110.0,5491000000.0,69785700.0,170000000.00000003
002853,20180516,1433834010.0,4334027850.0,51391900.0,155341500.0
002855,20180516,936540000.0,2904000000.0,77400000.0,240000000.0
002856,20180516,891968000.0,3567168000.0,25339999.999999996,101339999.99999999
002857,20180516,552722223.0,1600800000.0,27622299.999999996,80000000.0
002858,20180516,1474171050.0,3020311200.0,61655000.0,126320000.0
002859,20180516,3849327027.0,9074793000.0,108462300.0,255700000.0
002860,20180516,1140271242.0,2745489120.0,47333800.0,113968000.0
002861,20180516,1287146060.0,2972982232.0,53122000.0,122698400.0
002862,20180516,785855200.0,2017600000.0,31160000.0,80000000.0
002863,20180516,2136502200.0,4330325000.0,185782800.0,376550000.0
002864,20180516,1321653300.0,5286003300.0,21670000.0,86670000.0
002865,20180516,837819000.0,2638800000.0,38100000.0,120000000.00000001
002866,20180516,1326524799.0,4017238799.0,47426700.0,143626700.0
002867,20180516,5518505376.0,16425242280.0,163076399.99999997,485379499.99999994
002868,20180516,834197400.0,2602800000.0,38460000.0,120000000.0
002869,20180516,1360901742.0,3526932000.0,45454300.0,117800000.0
002870,20180516,916340800.0,2538035616.0,40120000.0,111122400.0
002871,20180516,751060000.0,3004240000.0,17000000.0,68000000.0
002872,20180516,1645650000.0,6582600000.0,53000000.0,212000000.0
002873,20180516,885108000.0,3540432000.0,17220000.0,68880000.0
002875,20180516,725250000.0,2948289201.0,25000000.0,101630100.0
002876,20180516,1068009780.0,4277600000.0,19974000.0,80000000.0
002877,20180516,1361142400.0,5444569600.0,51952000.0,207808000.0
002878,20180516,846481200.0,3441876129.0,18840000.0,76605300.0
002879,20180516,1118250000.0,4406991300.0,35000000.0,137934000.0
002880,20180516,1380240000.0,5520960000.0,27000000.0,108000000.0
002881,20180516,1038796500.0,4154796500.0,26669999.999999996,106669999.99999999
002882,20180516,1052800000.0,5593000000.0,80000000.0,425000000.0
002883,20180516,683075205.0,2732275205.0,13333500.0,53333500.0
002884,20180516,1022154900.0,4088091900.0,19370000.0,77470000.0
002885,20180516,655000000.0,2620000000.0,20000000.0,80000000.0
002886,20180516,719613600.0,2878436050.0,19608000.0,78431500.0
002887,20180516,1384000000.0,5536000000.0,20000000.0,80000000.0
002888,20180516,964088100.0,3856241052.0,31170000.0,124676400.0
002889,20180516,1137072900.0,4547679102.0,34530000.0,138101400.0
002890,20180516,637627500.0,2550127500.0,16670000.0,66670000.0
002891,20180516,863250000.0,3453000000.0,25000000.0,100000000.0
002892,20180516,567776000.0,2696936000.0,17600000.0,83600000.0
002893,20180516,821100000.0,3284400000.0,30000000.0,120000000.0
002895,20180516,949437300.0,9660079590.0,40010000.0,407083000.0
002896,20180516,876000000.0,3504000000.0,20000000.0,80000000.0
002897,20180516,1030795500.0,4122795500.0,26670000.0,106670000.0
002898,20180516,998800000.0,3995200000.0,40000000.0,160000000.0
002899,20180516,961200000.0,3844800000.0,30000000.0,120000000.0
002900,20180516,1711224081.0,6844893081.0,52766700.0,211066700.0
002901,20180516,1623952800.0,16204050000.0,40097600.0,400100000.0
002902,20180516,1146250000.0,4585000000.0,35000000.0,140000000.0
002903,20180516,1173500000.0,4694000000.0,25000000.0,100000000.0
002905,20180516,1527120000.0,6108480000.0,42000000.0,168000000.0
002906,20180516,1429105000.0,9249105000.0,73100000.0,473100000.0
002907,20180516,1549921400.0,15478321400.0,40060000.0,400060000.0
002908,20180516,1141895000.0,4566895000.0,33340000.0,133340000.0
002909,20180516,605400000.0,2421600000.0,30000000.0,120000000.0
002910,20180516,1050152800.0,4200162800.0,46840000.0,187340000.0
002911,20180516,1427440000.0,14172440000.0,56000000.0,556000000.0
002912,20180516,2356704000.0,9412704000.0,26720000.0,106720000.0
002913,20180516,1561883810.0,6247535240.0,36013000.0,144052000.0
002915,20180516,1025920000.0,4103680000.0,28000000.0,112000000.0
002916,20180516,5155500000.0,20622000000.0,70000000.0,280000000.0
002917,20180516,850644300.0,3401975400.0,28270000.0,113060000.0
002918,20180516,1719936600.0,6879746400.0,39430000.0,157720000.0
002919,20180516,667400800.0,2669072164.0,20360000.0,81423800.0
002920,20180516,3405000000.0,18727500000.0,100000000.00000001,550000000.0
002921,20180516,661800000.0,2647200000.0,19999999.999999996,79999999.99999999
002922,20180516,841170000.0,3364499021.0,33000000.000000004,131992900.00000001
002923,20180516,1087500000.0,4350000000.0,25000000.0,100000000.0
002925,20180516,5340000000.0,32407392000.0,75000000.0,455160000.0
002926,20180516,6531000000.0,32655000000.0,525000000.0,2625000000.0
002927,20180516,1235815000.0,4943260000.0,23450000.0,93800000.0
002928,20180516,1365660000.0,13504860000.0,40500000.0,400500000.0
002929,20180516,2738359092.0,10953431406.0,55186600.0,220746300.0
002930,20180516,2526269900.0,10104174246.0,60830000.0,243298200.0
002931,20180516,1640724800.0,6562899200.0,22220000.0,88880000.0
300001,20180516,10827584250.0,12429723446.0,868987500.0,997570099.9999999
300002,20180516,9144151715.0,12962818120.0,1383381500.0,1961092000.0
300003,20180516,55758057800.0,70375289550.0,1411596400.0,1781652900.0
300004,20180516,2743563190.0,3477965770.0,401693000.0,509219000.0
300005,20180516,3070225224.0,4269297781.0,640965600.0,891293900.0
300006,20180516,3507615814.0,4865324788.0,585578600.0,812241200.0
300007,20180516,3360625960.0,4339667668.0,226916000.0,293022800.0
300008,20180516,3752284144.0,5980900926.0,602292800.0,960016199.9999999
300009,20180516,13476532464.0,20827255032.0,645427800.0,997473900.0
300010,20180516,9695395923.0,13174485963.0,642504700.0,873060700.0
300011,20180516,3862307484.0,4849085472.0,444966300.0,558650400.0
300012,20180516,7077754080.0,7956147360.0,1474532100.0,1657530700.0
300013,20180516,2855829238.0,3624121338.0,234661400.0,297791400.0
300014,20180516,15836290001.0,16536420668.0,819259700.0000001,855479600.0000001
300015,20180516,56820648024.0,75238141648.0,1197737100.0,1585964200.0
300016,20180516,4075981763.0,5225672599.0,254272099.99999997,325993300.0
300017,20180516,19761956980.0,29923055675.0,1605358000.0,2430792500.0
300018,20180516,2187186416.0,3078576280.0,346073800.0,487116500.0
300019,20180516,2370439202.0,2892083480.0,271217300.0,330902000.0
300020,20180516,7485802940.0,7935048110.0,618661400.0,655789100.0
300021,20180516,4574370500.0,5581524900.0,653481500.0,797360700.0
300022,20180516,1454713917.0,1722489012.0,321128900.0,380240400.0
300023,20180516,1453239504.0,3502462236.0,131158800.0,316106700.0
300024,20180516,29591579890.0,30502684180.0,1513635800.0,1560239600.0
300025,20180516,2028983442.0,2232643905.0,389440200.0,428530500.0
300026,20180516,10253958858.0,12917425092.0,2390200200.0,3011054800.0
300027,20180516,16822540188.0,24304671684.0,1920381300.0,2774505900.0
300028,20180516,1513490000.0,1513512000.0,343975000.0,343980000.0
300029,20180516,1369587807.0,1442000000.0,189956700.0,200000000.0
300030,20180516,2123800790.0,2578444930.0,254347400.0,308795800.0
300031,20180516,3578438426.0,5530944526.0,256702900.0,396767900.0
300032,20180516,8880271875.0,9035659125.0,789357500.0,803169700.0
300033,20180516,12627402790.0,25751040000.0,263620100.0,537600000.0
300034,20180516,4716094880.0,4729045440.0,421079900.0,422236200.0
300035,20180516,2703599514.0,3589781580.0,390129800.0,518006000.0
300036,20180516,5973997310.0,8136626940.0,330055100.0,449537399.99999994
300037,20180516,5090530644.0,8400589056.0,229924600.0,379430400.0
300038,20180516,6168214584.0,17718025752.0,407950700.0,1171827100.0
300039,20180516,5030431700.0,7500456600.0,718633100.0,1071493800.0
300040,20180516,1667387232.0,2464852864.0,234183600.0,346187200.0
300041,20180516,2735834590.0,4504037192.0,258585500.0,425712400.0
300042,20180516,2673702560.0,3193040000.0,111870400.0,133600000.00000001
300043,20180516,4701565358.0,6444947712.0,907638100.0,1244198400.0
300044,20180516,4200268982.0,7139072416.0,458044600.0,778524800.0
300045,20180516,4231355514.0,7279198068.0,357982700.0,615837400.0
300046,20180516,2953843200.0,2953843200.0,213120000.0,213120000.0
300047,20180516,4177026420.0,6127972809.0,272474000.0,399737300.0
300048,20180516,3033960645.0,3526073017.0,969316500.0,1126540900.0
300049,20180516,3041913645.0,3511758885.0,227858700.0,263053100.0
300050,20180516,2699428807.0,4144767963.0,365281300.0,560861700.0
300051,20180516,2497161126.0,3742264710.0,245300700.0,367609500.0
300052,20180516,3486742980.0,3497917240.0,260204700.0,261038600.0
300053,20180516,6687866218.0,10097034916.0,465081100.0,702158200.0
300054,20180516,7660634112.0,11070904320.0,664985600.0,961016000.0
300055,20180516,13635312448.0,13635312448.0,865184800.0,865184800.0
300056,20180516,1500380388.0,2706143310.0,213729400.0,385490500.0
300057,20180516,2441097230.0,3649217840.0,294108100.0,439664799.99999994
300058,20180516,11285079300.0,14641809809.0,1681830000.0,2182087900.0
300059,20180516,59857515224.0,74521836936.0,4133806300.0,5146535700.0
300061,20180516,2834016867.0,7467542841.0,199719300.0,526253900.0
300062,20180516,1124700984.0,1829520594.0,189343600.0,308000100.0
300063,20180516,2003845120.0,3544963272.0,410624000.0,726426900.0
300064,20180516,4542413250.0,9041074500.0,605655100.0,1205476600.0
300065,20180516,4516268192.0,5971378032.0,274045400.0,362340900.0
300066,20180516,4031833221.0,4378539772.0,957680100.0,1040033200.0
300067,20180516,2873513545.0,4833994060.0,432107300.0,726916400.0
300068,20180516,9497356800.0,13998305600.0,593584800.0,874894100.0
300069,20180516,1560595464.0,1976130000.0,92397600.0,117000000.0
300070,20180516,37455352800.0,57762924960.0,2035617000.0000002,3139289400.0000005
300071,20180516,3756218700.0,5292233700.0,481566500.0,678491500.0
300072,20180516,37940801306.0,49939166838.0,1373671300.0,1808079900.0
300073,20180516,10418277072.0,13573344624.0,335208400.0,436722800.0
300074,20180516,3213611201.0,3783114567.0,461063300.0,542771100.0
300075,20180516,4327051200.0,6709105020.0,273864000.0,424626900.0
300076,20180516,2179948240.0,2510080000.0,368234500.0,424000000.0
300077,20180516,5977432034.0,6208590860.0,542416700.0,563393000.0
300078,20180516,5898471112.0,9226051268.0,516503600.0,807885400.0
300079,20180516,5017992005.0,5949352435.0,1209154700.0,1433578899.9999998
300080,20180516,2926760859.0,2931347903.0,502017300.0,502804100.0
300081,20180516,4012084356.0,6745551609.0,315663600.0,530727899.99999994
300082,20180516,4009824000.0,4049986500.0,673920000.0,680670000.0
300083,20180516,6716179116.0,8074706784.0,1190811900.0,1431685600.0
300084,20180516,1795825242.0,2227793982.0,310159800.0,384765800.0
300085,20180516,5596120248.0,10076694956.0,392434800.0,706640600.0
300086,20180516,4705161480.0,4860000000.0,435663100.0,450000000.0
300087,20180516,3719880472.0,4553268258.0,345072400.0,422381100.0
300088,20180516,15182505635.0,15425483458.0,2262668500.0,2298879800.0
300089,20180516,2459217684.0,4526096652.0,266149100.0,489837300.0
300090,20180516,8105056344.0,12196364796.0,877170600.0,1319952900.0
300091,20180516,5524572962.0,8656230862.0,354593900.0,555598900.0
300092,20180516,1316022252.0,1871611896.0,167007900.0,237514200.0
300093,20180516,1840255830.0,1846800000.0,215234599.99999997,215999999.99999997
300094,20180516,5531170788.0,5808296637.0,746446800.0,783845700.0
300095,20180516,1640908800.0,2726718480.0,227904000.0,378710900.0
300096,20180516,4134208266.0,4721400000.0,376521700.0,430000000.0
300097,20180516,3385050352.0,6287495784.0,155348800.0,288549600.0
300098,20180516,8276046762.0,16511857686.0,591991900.0,1181105700.0
300099,20180516,2373185100.0,4049139765.0,392262000.0,669279300.0
300100,20180516,5468423150.0,5670884180.0,386461000.0,400769200.0
300101,20180516,8906759568.0,9012760000.0,549460800.0,556000000.0
300102,20180516,5193725309.0,5451829113.0,682486900.0,716403300.0
300103,20180516,2683203684.0,3391978680.0,251236300.0,317601000.0
300104,20180516,12627527040.0,16556176830.0,3042777599.9999995,3989440199.9999995
300105,20180516,2596872960.0,2596872960.0,513216000.00000006,513216000.00000006
300106,20180516,1352221284.0,1358866689.0,210298800.0,211332300.0
300107,20180516,5663166600.0,9452935765.0,327540000.0,546728500.0
300108,20180516,3503698864.0,5521261863.0,422641600.00000006,666014700.0000001
300109,20180516,3268168056.0,6471888786.0,85711200.0,169732200.0
300110,20180516,6679503450.0,6679503450.0,1182213000.0,1182213000.0
300111,20180516,3294560000.0,3303410000.0,1116800000.0,1119800000.0
300112,20180516,1730939808.0,2834908832.0,174489900.0,285777100.0
300113,20180516,9404698724.0,13691345556.0,476911700.0,694287300.0
300114,20180516,4864055664.0,6297506930.0,456290400.0,590760500.0
300115,20180516,14526628347.0,14603933883.0,898369099.9999999,903149899.9999999
300116,20180516,4813199748.0,9048991512.0,1293870900.0,2432524600.0
300117,20180516,3892853250.0,3906342000.0,714285000.0,716760000.0
300118,20180516,7472963880.0,9766460520.0,691941100.0,904301900.0
300119,20180516,2389357812.0,4720439145.0,204743600.0,404493500.0
300120,20180516,1932504875.0,3460748650.0,164468500.0,294531800.0
300121,20180516,5517404577.0,5615721549.0,368564100.0,375131700.0
300122,20180516,41807028900.0,76960000000.0,869169000.0,1600000000.0
300123,20180516,3670225889.0,7428478323.0,276580700.0,559794900.0
300124,20180516,40438191492.0,54817585218.0,1227631800.0,1664164700.0
300125,20180516,3233774510.0,3301640000.0,115574500.0,118000000.0
300126,20180516,1217767970.0,1765262864.0,210686500.0,305408800.0
300127,20180516,3429422910.0,4879509130.0,227114100.0,323146300.0
300128,20180516,7287862869.0,7482066697.0,819782100.0,841627300.0
300129,20180516,2414551992.0,3577269024.0,490762600.0,727087200.0
300130,20180516,4454091264.0,7340510208.0,289979900.0,477897800.0
300131,20180516,3986623345.0,6791492640.0,627814700.0,1069526400.0000001
300132,20180516,3603969200.0,4476672000.0,310687000.0,385920000.0
300133,20180516,13505205168.0,19590626601.0,1219982400.0,1769704300.0
300134,20180516,9553498560.0,10292148180.0,712416000.0,767498000.0
300135,20180516,2746368000.0,2746368000.0,921600000.0,921600000.0
300136,20180516,27287881137.0,36001231398.0,744959900.0,982834599.9999999
300137,20180516,5882949060.0,6839692644.0,296221000.0,344395400.0
300138,20180516,3130604595.0,4326392376.0,265530500.00000003,366954400.0
300139,20180516,1426352256.0,1841280000.0,212254800.0,274000000.0
300140,20180516,2743648024.0,3858829546.0,245406800.0,345154700.0
300141,20180516,1602109395.0,2513519060.0,162650700.0,255179600.0
300142,20180516,33202531440.0,37820950200.0,1349696400.0,1537437000.0
300143,20180516,4007570346.0,8316383868.0,263482600.0,546770800.0
300144,20180516,23637924723.0,29792985978.0,1152507300.0,1452607800.0
300145,20180516,8380956558.0,13596304059.0,741021800.0,1202148900.0
300146,20180516,14539397180.0,24385861480.0,875867299.9999999,1469027799.9999998
300147,20180516,6253978530.0,6264180561.0,660399000.0,661476300.0
300148,20180516,4803789994.0,5314637376.0,763718600.0,844934400.0
300149,20180516,9196811930.0,9581670000.0,405145900.0,422100000.0
300150,20180516,2661605360.0,3463828112.0,449595500.0,585106100.0
300151,20180516,2213003613.0,3874275000.0,287030300.0,502500000.0
300152,20180516,2879404960.0,2879712000.0,712724000.0,712800000.0
300153,20180516,3214799756.0,3219200000.0,319562600.0,320000000.0
300154,20180516,1896521948.0,2749650204.0,313993700.0,455240100.0
300155,20180516,1630689522.0,3189585422.0,277800600.0,543370600.0
300156,20180516,7434540000.0,10403251320.0,721800000.0,1010024399.9999999
300157,20180516,4497375742.0,5224618760.0,613557400.0,712772000.0
300158,20180516,5758857755.0,7319676096.0,408719500.0,519494400.0
300159,20180516,9376824504.0,14694951572.0,950996400.0,1490360200.0
300160,20180516,3388419892.0,3419187200.0,592381100.0,597760000.0
300161,20180516,2595224847.0,2711093928.0,165406300.0,172791200.0
300162,20180516,1854928306.0,2960349700.0,218999799.99999997,349510000.0
300163,20180516,1430325554.0,2057160000.0,329568100.0,474000000.0
300164,20180516,2410703878.0,3441347686.0,314713300.0,449262100.0
300165,20180516,1969400712.0,2987587200.0,304389600.0,461760000.0
300166,20180516,11854837050.0,15434551650.0,806451500.0,1049969500.0
300167,20180516,2149718400.0,2149718400.0,300240000.0,300240000.0
300168,20180516,22721386980.0,22890035940.0,1023485900.0,1031082700.0
300169,20180516,1457601688.0,1845071138.0,257526800.0,325984300.0
300170,20180516,9954028554.0,13086189054.0,664044600.0,872994600.0
300171,20180516,2724581568.0,5127230736.0,333894800.0,628337100.0
300172,20180516,2486014004.0,3670680000.0,343372100.0,507000000.0
300173,20180516,4007319004.0,4613240535.0,509189200.0,586180500.0
300174,20180516,5997114816.0,6668352000.0,220158400.0,244800000.0
300175,20180516,2857367757.0,2914252000.0,461610300.0,470800000.0
300176,20180516,14629337225.0,14670540000.0,106978700.0,107280000.0
300177,20180516,3718647348.0,5246589564.0,316750200.0,446898600.0
300178,20180516,9117828370.0,10573117345.0,531651800.00000006,616508300.0
300179,20180516,1847673792.0,2859191424.0,320776700.0,496387400.0
300180,20180516,8696867802.0,14444043222.0,379941800.0,631019800.0
300181,20180516,2759118725.0,4229942360.0,396995500.0,608624800.0
300182,20180516,12808078989.0,23715388968.0,1390670899.9999998,2574960800.0
300183,20180516,4666739077.0,8329188329.0,263508700.0,470309900.0
300184,20180516,3755541779.0,8181394925.0,302135300.0,658197500.0
300185,20180516,5866659558.0,6992971946.0,2741429700.0,3267743900.0
300187,20180516,5561317628.0,6044302396.0,596707900.0,648530300.0
300188,20180516,8370270162.0,13547845080.0,306940600.0,496804000.0
300189,20180516,3327882675.0,3860480000.0,882727500.0,1024000000.0
300190,20180516,4672507869.0,5332438971.0,396311100.0,452284900.00000006
300191,20180516,4384683600.0,6777600000.0,207020000.0,320000000.0
300192,20180516,1918620000.0,2668050000.0,174420000.0,242550000.0
300193,20180516,3155093728.0,3509423332.0,455938400.0,507142100.0
300194,20180516,3543545388.0,7185862896.0,586679700.0,1189712400.0
300195,20180516,3469545944.6,4950383054.6,303813130.0,433483630.00000006
300196,20180516,2728386580.0,4542108270.0,254989400.00000003,424496100.0
300197,20180516,9464578028.0,14649460704.0,981802700.0,1519653600.0
300198,20180516,4682006229.0,6178976114.0,781637100.0,1031548600.0
300199,20180516,10018247112.0,15927161904.0,587925300.0,934692600.0
300200,20180516,2010887168.0,2585659904.0,202710400.0,260651200.0
300201,20180516,4882942914.0,5860864906.0,867307800.0,1041006200.0
300202,20180516,8456185873.0,11281317120.0,411894100.0,549504000.0
300203,20180516,12939998835.0,12964623510.0,451657900.0,452517400.0
300204,20180516,6015795225.0,6146329677.0,466702500.0,476829300.0
300205,20180516,3904776342.0,3947914080.0,425356900.0,430056000.0
300206,20180516,2557248528.0,4352400000.0,343716200.0,585000000.0
300207,20180516,12989978176.0,17778783260.0,1131531200.0,1548674500.0
300208,20180516,6195407000.0,8191117500.0,579010000.0,765525000.0
300209,20180516,4654130075.0,5418870520.0,250896500.0,292122400.0
300210,20180516,1792087200.0,2464679291.0,352080000.0,484219900.0
300211,20180516,1251637546.0,2040036240.0,185702900.0,302676000.0
300212,20180516,10065858000.0,12391671600.0,305026000.0,375505200.0
300213,20180516,2851474956.0,4515491376.0,375688400.0,594926400.0
300214,20180516,1712497176.0,2393066812.0,304714800.0,425812600.0
300215,20180516,4484178193.0,5695001975.0,597094300.0,758322500.0
300216,20180516,2231310600.0,3090268395.0,260971999.99999997,361434899.99999994
300217,20180516,2399616383.0,3425698053.0,892050700.0,1273493700.0
300218,20180516,1689118684.0,1694668470.0,216276400.0,216987000.0
300219,20180516,5920423655.0,7949264275.0,530979700.0,712938500.0
300220,20180516,1934993761.0,1951740000.0,124918900.0,126000000.0
300221,20180516,5823824767.0,6983558185.0,421710700.0,505688500.0
300222,20180516,7251257112.0,16377169776.0,323139800.0,729820400.0
300223,20180516,2970171484.0,5004704152.0,99137900.0,167046200.0
300224,20180516,6101933255.0,6923114956.0,736059500.0000001,835116400.0000001
300225,20180516,5124916455.0,5150223000.0,468028900.00000006,470340000.00000006
300226,20180516,9597572580.0,10136473578.0,150763000.0,159228300.0
300227,20180516,2063537086.0,3065737194.0,149748700.0,222477300.0
300228,20180516,3265065708.0,3816480264.0,406102700.00000006,474686600.00000006
300229,20180516,7118903538.0,7506351405.0,446886600.0,471208500.0
300230,20180516,2827477076.0,5096753272.0,251554900.0,453447800.0
300231,20180516,3529244320.0,4266266930.0,365724800.0,442100200.0
300232,20180516,5950872354.0,10136507146.0,372628200.0,634721800.0
300233,20180516,7192235025.0,7961332050.0,355172100.0,393152200.0
300234,20180516,1250808278.0,2377079066.0,152351799.99999997,289534599.99999994
300235,20180516,1380218604.0,2195230788.0,105521300.0,167831100.0
300236,20180516,6665705802.0,6795370113.0,190068600.0,193765900.0
300237,20180516,9555120684.0,11915194500.0,647365900.0,807262500.0
300238,20180516,3573339044.0,5016745844.0,188865699.99999997,265155699.99999997
300239,20180516,2398152757.0,2484111399.0,444926300.0,460874100.0
300240,20180516,2819310804.0,2822121656.0,365195700.0,365559800.0
300241,20180516,3246982676.0,4895851712.0,366476600.0,552579200.0
300242,20180516,3305666679.0,4142527830.0,507782900.0,636333000.0
300243,20180516,1857334633.0,2360325086.0,162781300.0,206864600.0
300244,20180516,8141394520.0,13114502100.0,342075400.0,551029500.0
300245,20180516,2726242740.0,4196425350.0,205599000.0,316472500.0
300246,20180516,2134604759.0,2894003280.0,107753900.0,146088000.0
300247,20180516,3087766945.0,4304301305.0,577152700.0,804542300.0
300248,20180516,2470149006.0,3854954532.0,204313400.0,318854800.0
300249,20180516,2453581558.0,3618045365.0,302537800.0,446121500.00000006
300250,20180516,1929426840.0,3569977604.0,125532000.0,232269200.0
300251,20180516,30932784604.0,32973758416.0,2752027100.0,2933608400.0
300252,20180516,4728812032.0,6969203360.0,301582400.0,444464500.0
300253,20180516,14670554565.0,19776652598.0,1193698500.0,1609166200.0
300254,20180516,1622045439.0,2172652440.0,155517300.0,208308000.0
300255,20180516,4828361472.0,7404937848.0,609641600.0,934966900.0
300256,20180516,3123784604.0,5119063034.0,593875400.0,973205900.0
300257,20180516,15590687167.0,16327740000.0,819268900.0,858000000.0
300258,20180516,5271388815.0,5698350000.0,374654500.0,405000000.0
300259,20180516,3533741388.0,5739348600.0,329026200.0,534390000.0
300260,20180516,2172369708.0,3206807200.0,136799100.0,201940000.0
300261,20180516,4145132824.0,5291779912.0,503050100.0,642206300.0
300262,20180516,3215397840.0,4726195215.0,456084800.0,670382300.0
300263,20180516,2961046350.0,4983748045.0,524078999.99999994,882079300.0
300264,20180516,2251985890.0,2920617000.0,318527000.0,413100000.0
300265,20180516,2313539139.0,2318625000.0,336759700.0,337500000.0
300266,20180516,19103619412.0,20848650460.0,955658800.0000001,1042954000.0000001
300267,20180516,6819797869.0,12726271616.0,1105315700.0,2062604800.0
300268,20180516,1520296995.0,2070300000.0,98401100.0,134000000.0
300269,20180516,3458272727.0,5820486516.0,364412300.0,613328400.0
300270,20180516,2212384512.0,4003069070.0,150604800.0,272503000.0
300271,20180516,9363795660.0,14035595805.0,507522800.0,760736900.0
300272,20180516,3120467280.0,4849900608.0,256196000.0,398185600.0
300273,20180516,5173483840.0,7247977120.0,562335200.0,787823600.0000001
300274,20180516,19048552053.0,26155177386.0,1057665299.9999999,1452258599.9999998
300275,20180516,1430651915.0,1979525800.0,118726300.0,164276000.0
300276,20180516,2883849930.0,6882366855.0,199851000.0,476948500.0
300277,20180516,3414128026.0,3420350000.0,334390600.0,335000000.0
300278,20180516,2084543121.0,5085254922.0,223423700.0,545043400.0
300279,20180516,3565763712.0,5171811840.0,309528100.0,448942000.0
300280,20180516,4227840000.0,4227840000.0,128000000.0,128000000.0
300281,20180516,1638152355.0,3108411999.0,147183500.0,279282300.0
300282,20180516,3820068930.0,4277074464.0,222874500.0,249537600.0
300283,20180516,1088747100.0,2175397350.0,207380400.0,414361400.0
300284,20180516,5155084480.0,8540277750.0,488633599.99999994,809505000.0
300285,20180516,8520883704.0,12492526968.0,408088300.0,598301100.0
300286,20180516,1872221290.0,2450919150.0,165683300.0,216895500.0
300287,20180516,9909522574.0,13462868244.0,1056452299.9999999,1435273799.9999998
300288,20180516,4462761600.0,7434710800.0,202852800.0,337941400.0
300289,20180516,3020090280.0,3983768880.0,321286200.0,423805200.0
300290,20180516,875842106.0,2281978650.0,129946900.0,338572500.0
300291,20180516,6019527515.0,8197733508.0,596583500.0,812461200.0
300292,20180516,4100657043.0,6336006985.0,825081900.0,1274850500.0
300293,20180516,3118500000.0,3118500000.0,270000000.0,270000000.0
300294,20180516,12177270000.0,15469698930.0,341100000.0,433324899.99999994
300295,20180516,2943753694.0,3215313360.0,176695900.0,192996000.0
300296,20180516,23700917680.0,38651724320.0,1559270900.0,2542876600.0
300297,20180516,6843535237.0,10778105303.0,746296100.0,1175365900.0
300298,20180516,10433747968.0,12135422656.0,405036800.0,471095600.0
300299,20180516,2487614525.0,4200929480.0,337532500.0,570004000.0
300300,20180516,7160518472.0,8581474316.0,383325400.0,459393700.0
300301,20180516,2651376894.0,4100664672.0,510862599.99999994,790108800.0
300302,20180516,2924658535.0,5031643100.0,244741300.0,421058000.0
300303,20180516,3317776475.0,4062739525.0,1020854300.0,1250073700.0
300304,20180516,4763460432.0,4954614016.0,838637400.0,872291200.0
300305,20180516,1378935902.0,2045910340.0,195316700.0,289789000.0
300306,20180516,1848891088.0,3921137176.0,135549200.0,287473400.0
300307,20180516,5806394556.0,5870640000.0,793223300.0,802000000.0
300308,20180516,15915014862.0,35150712260.0,214545899.99999997,473856999.99999994
300309,20180516,9867026565.0,11021274297.0,433334500.0,484026100.0
300310,20180516,5235762560.0,8010093952.0,584348500.0,893983699.9999999
300311,20180516,3104074897.0,5863412863.0,237133300.0,447930700.0
300312,20180516,1653210000.0,2880360000.0,183690000.0,320040000.0
300313,20180516,2026461778.0,2192589608.0,182399800.0,197352800.0
300314,20180516,2440670357.0,3718080000.0,189052700.0,288000000.0
300315,20180516,15233002116.0,15555079392.0,2700886900.0,2757992800.0
300316,20180516,22638796456.0,24189782560.0,921775100.0,984926000.0
300317,20180516,3854200560.0,10166519860.0,323882400.0,854329400.0
300318,20180516,3244964325.0,4673824038.0,570292500.0,821410200.0
300319,20180516,3833173484.0,5635732284.0,472065700.00000006,694055700.0000001
300320,20180516,3261294720.0,3985881840.0,452957600.0,553594700.0
300321,20180516,1428132098.0,1532688000.0,82742299.99999999,88799999.99999999
300322,20180516,3777178320.0,4152356760.0,370311600.0,407093800.0
300323,20180516,12244207375.0,19195238725.0,689814500.0,1081421900.0
300324,20180516,10335428335.0,18124752680.0,657888500.0,1153708000.0
300325,20180516,4490724525.0,5710299060.0,794818500.0,1010672399.9999999
300326,20180516,7374475050.0,8232268100.0,641258700.0,715849400.0
300327,20180516,5925146590.0,5992997586.0,207608500.0,209985900.0
300328,20180516,3992047752.0,4478547752.0,410282400.0,460282400.0
300329,20180516,2185207479.0,2188735029.0,250884899.99999997,251289899.99999997
300330,20180516,1727290430.0,1730400000.0,167698100.0,168000000.0
300331,20180516,2277102334.0,3937770096.0,130717699.99999999,226048799.99999997
300332,20180516,3348360750.0,4666893525.0,637783000.0,888932100.0
300333,20180516,3679553512.0,3736320000.0,330895100.0,336000000.0
300334,20180516,3079599990.0,3406967862.0,274719000.0,303922200.0
300335,20180516,3432029032.0,4724816118.0,263394400.0,362610600.0
300336,20180516,4682689201.0,5552870840.0,453309700.0,537548000.0
300337,20180516,4406380875.0,5169876800.0,700537500.0,821920000.0
300338,20180516,3200170182.0,5780327294.0,188024100.0,339619700.0
300339,20180516,6527680256.0,10066632512.0,516430400.0,796410800.0
300340,20180516,3812642068.0,5284761688.0,85027700.0,117858199.99999999
300341,20180516,2595608576.0,3591550336.0,368694400.0,510163400.0
300342,20180516,5269384190.0,5745337990.0,396194300.0,431980300.0
300343,20180516,4137351897.0,6512031481.0,375099900.0,590392700.0
300344,20180516,1953613602.0,3380668812.0,204781300.00000003,354367800.00000006
300345,20180516,1568284800.0,2118218400.0,326726000.0,441295500.0
300346,20180516,3811647378.0,4421990496.0,235723399.99999997,273468800.0
300347,20180516,16522798015.0,27224612338.0,303560500.0,500176600.0
300348,20180516,6201449590.0,10161265555.0,182664199.99999997,299300900.0
300349,20180516,7312183780.0,9335464708.0,336347000.0,429414200.00000006
300350,20180516,1911478446.0,4313934909.0,235114199.99999997,530619299.99999994
300351,20180516,3674033175.0,5942168880.0,237801500.0,384606400.0
300352,20180516,5166920880.0,7176629295.0,1043822400.0,1449824100.0
300353,20180516,5330942748.0,7836781596.0,351645300.0,516938100.0
300354,20180516,837826605.0,1597840860.0,72539100.0,138341200.0
300355,20180516,10819697906.0,14983621214.0,1158425900.0,1604242100.0
300356,20180516,2203998566.0,2928838176.0,312181100.0,414849600.0
300357,20180516,10478148660.0,12013344000.0,253708200.00000003,290880000.0
300358,20180516,1806731556.0,5766654344.0,150435600.0,480154400.0
300359,20180516,4172315184.0,6382088068.0,414331200.0,633772400.0
300360,20180516,2480765188.0,3694764282.0,275029400.0,409619100.0
300362,20180516,1956246210.0,4461761832.0,191600999.99999997,436999199.99999994
300363,20180516,4349782826.0,5989093914.0,308276600.0,424457400.0
300364,20180516,5191741772.0,7500768547.0,536891600.0,775674100.0
300365,20180516,4686209763.0,8512747176.0,217255900.0,394656800.0
300366,20180516,2956736212.0,6002080204.0,258908600.0,525576200.0
300367,20180516,8030989274.0,12510525566.0,548939800.0,855128200.0
300368,20180516,1965867254.0,4149539472.0,260725100.0,550336800.0
300369,20180516,7182108507.0,9645678973.0,598010700.0,803137300.0
300370,20180516,2686035543.0,3843362044.0,669834300.0,958444400.0
300371,20180516,1111980840.0,2328000000.0,57318600.00000001,120000000.00000001
300373,20180516,6009668608.0,12174940140.0,233113600.0,472263000.0
300374,20180516,2383140760.0,3649340016.0,160589000.0,245912400.0
300375,20180516,1924106130.0,2907959211.0,240213000.0,363041100.0
300376,20180516,15728576580.0,15937516008.0,2299499500.0,2330046200.0
300377,20180516,6498509200.0,11284226160.0,427533500.0,742383300.0
300378,20180516,4217273584.0,4277711984.0,260969900.0,264709900.0
300379,20180516,2785673336.0,3886754751.0,198551200.0,277031700.0
300380,20180516,1570020075.0,3058040000.0,70562700.0,137440000.0
300381,20180516,3678812532.0,4539390264.0,329642700.0,406755400.0
300382,20180516,3016418286.0,4465672351.0,211381800.0,312941300.0
300383,20180516,22022350662.0,22939134790.0,1388546700.0,1446351500.0
300384,20180516,1770347584.0,4871207770.0,60857600.0,167453000.0
300385,20180516,1452956246.0,2969685264.0,63670300.0,130135200.0
300386,20180516,3118758279.0,6366810120.0,204777300.0,418044000.0
300387,20180516,2127477375.0,2147316354.0,123762499.99999999,124916599.99999999
300388,20180516,7080527756.0,7302420465.0,296380400.0,305668500.0
300389,20180516,2321083940.0,5299687572.0,139993000.0,319643400.00000006
300390,20180516,1973921388.0,3679767300.0,184824100.0,344547500.0
300391,20180516,785739500.0,2975521276.0,61675000.0,233557400.0
300392,20180516,1897087142.0,4431360000.0,164392300.0,384000000.0
300393,20180516,4484284663.0,8970811883.0,120577700.0,241215700.0
300394,20180516,3122388576.0,3546019908.0,163647200.0,185850100.00000003
300395,20180516,4348347501.0,4886311590.0,266279700.00000003,299223000.00000006
300396,20180516,6096351660.0,6923752500.0,135024400.0,153350000.0
300397,20180516,2350288180.0,3633600000.0,155237000.0,240000000.0
300398,20180516,7742280000.0,9076772562.0,364000000.0,426740600.0
300399,20180516,1720031592.0,2535360000.0,103119400.0,152000000.0
300400,20180516,2295987950.0,3590888975.0,155660200.0,243450100.0
300401,20180516,10241337540.0,11416647306.0,429947000.0,479288300.0
300402,20180516,895794000.0,2096760000.0,86300000.0,201999999.99999997
300403,20180516,2739648121.0,4335570000.0,381035900.0,603000000.0
300404,20180516,1925218328.0,3056007960.0,84587800.0,134271000.0
300405,20180516,1527960000.0,1756111392.0,102000000.0,117230400.0
300406,20180516,5702932884.0,9053146696.0,316127100.0,501837400.0
300407,20180516,1705984290.0,2860533000.0,164829400.0,276380000.0
300408,20180516,42064279023.0,44590439179.0,1642494300.0,1741133900.0
300409,20180516,7243098273.0,11861550000.0,131286900.0,215000000.0
300410,20180516,5479632882.0,5830445766.0,185247900.0,197107700.0
300411,20180516,2538621365.0,9316107185.0,71813900.0,263539100.0
300412,20180516,2295886580.0,2705986400.0,220758325.0,260191000.0
300413,20180516,8473958320.0,16521200000.0,205678600.0,401000000.0
300414,20180516,3133580568.0,3413120628.0,156914400.0,170912400.0
300415,20180516,4674240000.0,4674240000.0,432000000.0,432000000.0
300416,20180516,1927738200.0,3180192000.0,76135000.0,125600000.0
300417,20180516,633743352.0,1804176000.0,28663200.0,81600000.0
300418,20180516,13722582925.0,25630805175.0,616745300.0,1151946300.0
300419,20180516,1816875459.0,2945707938.0,226825900.0,367753800.0
300420,20180516,1919072436.0,3921655140.0,350195700.0,715630500.0
300421,20180516,2090743082.0,2298476387.0,121484200.0,133554700.0
300422,20180516,4769079363.0,6436698777.0,263630700.0,355815300.0
300423,20180516,2255575557.0,6002127740.0,68621100.0,182602000.0
300424,20180516,3992027814.0,6090920820.0,157290300.0,239989000.0
300425,20180516,3594127164.0,4200657832.0,322632600.0,377078800.0
300426,20180516,3692610552.0,7052000000.0,209450400.0,400000000.0
300427,20180516,1587690214.0,5507404254.0,101644700.0,352586700.0
300428,20180516,2113533252.0,4453372800.0,138049200.0,290880000.0
300429,20180516,3902933506.0,7532977940.0,133251400.0,257186000.0
300430,20180516,1794998226.0,3516167088.0,92573400.0,181339200.0
300431,20180516,5263686400.0,7381348800.0,234986000.00000003,329524500.0
300432,20180516,4452558900.0,6017884360.0,377335500.0,509990199.99999994
300433,20180516,9838848687.0,58285608402.0,443791099.99999994,2629030600.0
300434,20180516,1891917648.0,5115540012.0,82544400.0,223191099.99999997
300435,20180516,1162438410.0,2965146800.0,97683900.0,249172000.0
300436,20180516,3634528901.0,4584258214.0,112419700.0,141795800.0
300437,20180516,1916651688.0,3921063120.0,106717800.0,218322000.0
300438,20180516,4773507816.0,6671734587.0,201159200.0,281151900.0
300439,20180516,3519661195.0,8830154905.0,138297100.0,346960900.0
300440,20180516,3870236760.0,3967113000.0,444854800.00000006,455990000.00000006
300441,20180516,3116275465.0,8327000427.0,137705500.0,367962900.0
300442,20180516,1443012000.0,2000000000.0,72150600.0,100000000.0
300443,20180516,2120298972.0,3168536008.0,159301200.0,238056800.0
300444,20180516,2747543150.0,5406503509.0,165415000.0,325496900.0
300445,20180516,1355196960.0,2540524896.0,88344000.0,165614400.0
300446,20180516,2552712036.0,2656164000.0,118017200.0,122800000.0
300447,20180516,1435517357.0,4765800537.0,94255900.0,312921900.0
300448,20180516,1861054944.0,5011970544.0,81056400.0,218291400.0
300449,20180516,2106638884.0,3243661162.0,100989400.0,155496700.0
300450,20180516,11899811028.0,31091986282.0,168983400.0,441522100.0
300451,20180516,4460685905.0,8364522010.0,129482899.99999999,242801799.99999997
300452,20180516,1942434270.0,2513952000.0,71703000.0,92800000.0
300453,20180516,1014533025.0,2261760000.0,71195300.0,158720000.0
300454,20180516,1732433000.0,17320433000.0,40010000.0,400010000.0
300455,20180516,1785013160.0,4406080000.0,158809000.0,392000000.0
300456,20180516,3450836172.0,6808930632.0,95538100.0,188508600.0
300457,20180516,3486012270.0,9294380290.0,141134100.0,376290700.0
300458,20180516,4295586764.0,7330625512.0,194194700.0,331402600.0
300459,20180516,8593532783.0,21900398630.0,773495300.0,1971233000.0
300460,20180516,2248143312.0,2248143312.0,168274200.0,168274200.0
300461,20180516,1245938750.0,3728239830.0,23575000.0,70543800.0
300462,20180516,1517503624.0,3730540800.0,56037800.0,137760000.0
300463,20180516,8679595560.0,15456600000.0,313342800.0,558000000.0
300464,20180516,763122536.0,1738900900.0,91282600.0,208002500.0
300465,20180516,2764908800.0,4624625564.0,268960000.0,449866300.0
300466,20180516,1817640000.0,5638043880.0,178200000.0,552749400.0
300467,20180516,3941000756.0,8923952994.0,100076200.0,226611300.0
300468,20180516,2575958787.0,4078773936.0,68309700.0,108161600.0
300469,20180516,1238574850.0,2957390000.0,28604500.000000004,68300000.0
300470,20180516,3037281455.0,5023561200.0,64499499.99999999,106679999.99999999
300471,20180516,1723648464.0,2868552360.0,222693600.0,370614000.0
300472,20180516,940118850.0,3747061285.0,33255000.0,132545500.0
300473,20180516,1890972780.0,4244018045.0,46748400.0,104920100.0
300474,20180516,3391540000.0,13687445520.0,67000000.0,270396000.0
300475,20180516,899725000.0,2482000000.0,72500000.0,200000000.0
300476,20180516,5558387184.0,12746364480.0,335651400.0,769708000.0
300477,20180516,3265460722.0,8729683386.0,120987800.0,323441400.0
300478,20180516,898640600.0,2478790600.0,24170000.0,66670000.0
300479,20180516,1746800000.0,3176000000.0,88000000.0,160000000.0
300480,20180516,912129984.0,2695099650.0,65059200.0,192232500.0
300481,20180516,1636044200.0,3843963680.0,72940000.0,171376000.0
300482,20180516,8121353240.0,13628061810.0,106105999.99999999,178051500.0
300483,20180516,1185456690.0,2252745000.0,32362999.999999996,61499999.99999999
300484,20180516,1561324180.0,3459040000.0,93886000.0,208000000.0
300485,20180516,2931456000.0,8328000000.0,84480000.0,239999999.99999997
300486,20180516,1592487540.0,3081478680.0,84258600.0,163041200.0
300487,20180516,3185336835.0,7620126570.0,84603900.0,202393800.0
300488,20180516,834767040.0,3511135384.0,25007999.999999996,105186799.99999999
300489,20180516,848586375.0,1592662500.0,48352500.0,90750000.0
300490,20180516,1346406320.0,3383083160.0,90973400.0,228586700.0
300491,20180516,1050434350.0,2985948000.0,51240700.0,145656000.0
300492,20180516,711360000.0,2396160000.0,24700000.0,83200000.0
300493,20180516,2166300300.0,4206000000.0,154515000.0,300000000.0
300494,20180516,1394261250.0,3912000000.0,85537500.0,240000000.0
300495,20180516,3444229830.0,8519301460.0,242893500.0,600797000.0
300496,20180516,7870386320.0,13893427280.0,228790300.0,403878700.0
300497,20180516,2782506552.0,5298799954.0,58976400.0,112310300.0
300498,20180516,82890928288.0,122051927956.0,3545377600.0,5220356200.0
300499,20180516,1176150043.0,2086904340.0,67633700.0,120006000.0
300500,20180516,1358594120.0,4206976735.0,43364000.0,134279500.0
300501,20180516,886384296.0,2479831956.0,24040800.0,67258800.0
300502,20180516,2517706809.0,4828550175.0,123963900.00000001,237742500.00000003
300503,20180516,1512615868.0,3716598802.0,103179800.0,253519700.0
300504,20180516,3114634680.0,12458538720.0,66851999.99999999,267407999.99999997
300505,20180516,1086634335.0,2674764000.0,37927900.0,93360000.0
300506,20180516,3479342922.0,8956890780.0,133923900.0,344761000.0
300507,20180516,1630367320.0,3408170400.0,57407300.0,120006000.0
300508,20180516,935042766.0,3592160400.0,14790300.0,56820000.0
300509,20180516,844493000.0,2568800000.0,49970000.00000001,152000000.0
300510,20180516,2006977220.0,7107316460.0,74058200.0,262262600.0
300511,20180516,2638739367.0,4937365650.0,232079100.00000003,434245000.00000006
300512,20180516,1528481036.0,5302800000.0,77824900.0,270000000.0
300513,20180516,1916826206.0,3822622720.0,61103800.0,121856000.0
300514,20180516,1713370400.0,3794000000.0,45160000.0,100000000.0
300515,20180516,1204851075.0,2642000000.0,91207500.0,200000000.0
300516,20180516,2131275000.0,5430000000.0,47100000.0,120000000.0
300517,20180516,860065250.0,2149376000.0,40975000.0,102400000.00000001
300518,20180516,2320645120.0,4629664000.0,46787200.0,93340000.0
300519,20180516,3500484000.0,5668800000.0,98800000.0,160000000.0
300520,20180516,2939090680.0,5280616000.0,112652000.0,202400000.0
300521,20180516,1416310562.0,2149920000.0,94863400.0,144000000.0
300522,20180516,1335259408.0,3076956404.0,52077200.0,120006100.0
300523,20180516,6734333266.0,9574560000.0,101283400.00000001,144000000.0
300525,20180516,1912666515.0,3269532480.0,42138500.0,72032000.0
300526,20180516,1155023788.0,3310985288.0,59814800.00000001,171464800.0
300527,20180516,3368379700.0,11786357100.0,138845000.0,485834999.99999994
300528,20180516,2027076015.0,4974316800.0,151840900.0,372608000.0
300529,20180516,4764538800.0,18641039040.0,106732500.0,417586000.0
300530,20180516,708514604.0,2353400000.0,21074200.0,70000000.0
300531,20180516,2115410640.0,4855200000.0,121996000.0,280000000.0
300532,20180516,2152764240.0,5032147395.0,118609600.00000001,277253300.0
300533,20180516,1689066501.0,4709000000.0,35868900.0,100000000.0
300534,20180516,1891096300.0,3109286250.0,184497200.0,303345000.0
300535,20180516,1059601640.0,1995316000.0,31724600.0,59740000.0
300536,20180516,834122835.0,2287647180.0,61107900.0,167593200.0
300537,20180516,1241727558.0,3441682108.0,69642600.0,193027600.00000003
300538,20180516,597626991.0,2136521127.0,15797700.0,56476900.0
300539,20180516,626291589.0,2150610000.0,60864100.00000001,209000000.00000003
300540,20180516,1013936616.0,1900800000.0,42674100.0,80000000.0
300541,20180516,1325866720.0,3144000000.0,50605600.0,120000000.0
300542,20180516,1142137500.0,3191702500.0,32632500.0,91191500.0
300543,20180516,1199190000.0,3378000000.0,42600000.0,120000000.0
300545,20180516,1254694932.0,3903102684.0,46332900.0,144132300.0
300546,20180516,1423849845.0,3048872750.0,63141900.0,135205000.0
300547,20180516,1733526940.0,3420631450.0,62582200.0,123488500.0
300548,20180516,1487196000.0,3604412000.0,34110000.0,82670000.0
300549,20180516,1253151200.0,2737470200.0,61040000.0,133340000.0
300550,20180516,1217632000.0,3461952000.0,29270000.0,83220000.0
300551,20180516,1110097788.0,1882417600.0,43261800.0,73360000.0
300552,20180516,1009159560.0,2748552480.0,39762000.0,108296000.0
300553,20180516,675230976.0,1935360000.0,16746800.0,48000000.0
300554,20180516,3086611896.0,5123040000.0,31329800.0,52000000.0
300555,20180516,1284777245.0,2770000000.0,92763700.0,200000000.0
300556,20180516,1368739788.0,2523298440.0,62300400.0,114852000.0
300557,20180516,1148286720.0,1870461600.0,34175200.0,55668500.0
300558,20180516,11555138551.0,27304090000.0,169703900.0,401000000.0
300559,20180516,2991477200.0,4641028800.0,47333500.0,73434000.0
300560,20180516,1454404160.0,3702339520.0,41318300.0,105180099.99999999
300561,20180516,1486203149.0,3764923600.0,33616900.0,85160000.0
300562,20180516,1799151912.0,4055424000.0,83759400.0,188800000.0
300563,20180516,976363000.0,2435200000.0,32075000.0,80000000.0
300565,20180516,1225044480.0,3590400000.0,54592000.0,160000000.0
300566,20180516,1935320240.0,3304637700.0,72756400.0,124234500.0
300567,20180516,6132691000.0,12191776000.0,82318000.0,163648000.0
300568,20180516,4769875510.0,7161600000.0,127878700.00000001,192000000.0
300569,20180516,2166033600.0,3232758600.0,100512000.0,150012000.0
300570,20180516,1854698725.0,4496437440.0,94869500.0,229996800.0
300571,20180516,3974793760.0,6918400000.0,45962000.0,80000000.0
300572,20180516,2705596080.0,5891450400.0,30885800.000000004,67254000.0
300573,20180516,1199986860.0,1820800000.0,52723500.0,80000000.0
300575,20180516,1375983910.0,2934733500.0,34391000.0,73350000.0
300576,20180516,758763239.0,2281200000.0,39913900.0,119999999.99999999
300577,20180516,2896417504.0,9668746592.0,65117300.00000001,217372900.00000003
300578,20180516,1257724080.0,3141790310.0,29448000.0,73561000.0
300579,20180516,1485622290.0,4135200000.0,28741000.0,80000000.0
300580,20180516,1180339905.0,3810000000.0,61960100.0,200000000.0
300581,20180516,979680000.0,2820480000.0,31400000.0,90400000.0
300582,20180516,1896239646.0,3172748886.0,121088100.0,202602100.0
300583,20180516,1599836184.0,5044147506.0,34250400.0,107988600.0
300584,20180516,2098817325.0,5310000000.0,47430900.0,120000000.0
300585,20180516,1265005490.0,2676800000.0,75613000.0,160000000.0
300586,20180516,977196350.0,3831360000.0,24485000.000000004,96000000.00000001
300587,20180516,940339510.0,2401575000.0,41700200.0,106500000.0
300588,20180516,1157576000.0,3136000000.0,36912500.0,100000000.0
300589,20180516,995458695.0,3363229350.0,33348700.0,112671000.0
300590,20180516,2765470000.0,4561600000.0,97000000.0,160000000.0
300591,20180516,881244000.0,2517840000.0,109200000.0,312000000.0
300592,20180516,1299239494.0,1944637268.0,81764600.0,122381200.0
300593,20180516,1431281394.0,2469089800.0,66976200.0,115540000.0
300595,20180516,4280389751.0,8725599660.0,60982900.0,124314000.0
300596,20180516,2003788701.0,3709800000.0,97224100.0,180000000.0
300597,20180516,1344315000.0,4389600000.0,73500000.0,240000000.0
300598,20180516,1712170560.0,2832000000.0,48366400.0,80000000.0
300599,20180516,1137030000.0,3815200000.0,90600000.0,304000000.0
300600,20180516,1703832000.0,4128000000.0,41275000.0,100000000.0
300601,20180516,14766669675.0,39050817975.0,160072300.0,423315100.0
300602,20180516,1957650000.0,6428733150.0,31000000.0,101801000.0
300603,20180516,1725055119.0,3662325000.0,48280300.00000001,102500000.00000001
300604,20180516,1882979469.0,5358045420.0,27420700.0,78026000.0
300605,20180516,1010301126.0,2295265300.0,37321800.0,84790000.0
300606,20180516,897327948.0,2434268000.0,32881200.0,89200000.0
300607,20180516,4090313076.0,9301826151.0,57359600.0,130442100.0
300608,20180516,1731009215.0,2657366575.0,57604300.0,88431500.0
300609,20180516,1850379669.0,3530560980.0,52883100.0,100902000.0
300610,20180516,762041312.0,2298000000.0,49741600.0,150000000.0
300611,20180516,1051146822.0,2775522255.0,67772200.0,178950500.0
300612,20180516,1397560500.0,4861080000.0,31050000.0,108000000.0
300613,20180516,2008080285.0,7029855567.0,12944500.0,45315900.0
300615,20180516,721540000.0,2684800000.0,21500000.0,80000000.0
300616,20180516,8563659610.0,25413985800.0,66955900.0,198702000.0
300617,20180516,1142749000.0,3113489000.0,24470000.0,66669999.99999999
300618,20180516,17758707200.0,29913600000.0,113983999.99999999,192000000.0
300619,20180516,1123445936.0,2754198400.0,30462199.999999996,74680000.0
300620,20180516,886600000.0,3546400000.0,22000000.0,88000000.0
300621,20180516,908047962.0,2956785930.0,42571400.0,138621000.0
300622,20180516,860837600.0,2084082000.0,35440000.0,85800000.0
300623,20180516,3628512000.0,6652370448.0,51600000.00000001,94601400.00000001
300624,20180516,2349600000.0,9398400000.0,20000000.0,80000000.0
300625,20180516,2350991632.0,7218400000.0,91194400.0,280000000.0
300626,20180516,1228880547.0,2549000000.0,48210300.0,100000000.0
300627,20180516,2853064746.0,6978456225.0,50398600.0,123272500.0
300628,20180516,5342980600.0,21369060600.0,37340000.0,149340000.0
300629,20180516,1295831675.0,2995002995.0,43266500.0,100000100.0
300630,20180516,6730398600.0,12455995200.0,65984300.0,122117600.0
300631,20180516,1521732840.0,2764690560.0,56486000.0,102624000.0
300632,20180516,783858357.0,2442222000.0,37167300.0,115800000.0
300633,20180516,4940328330.0,16244406100.0,121653000.0,400010000.0
300634,20180516,2209352200.0,22088552200.0,40010000.0,400010000.0
300635,20180516,615831552.0,2431385600.0,34365600.0,135680000.0
300636,20180516,908949213.0,2299920420.0,32129700.0,81298000.0
300637,20180516,1447879440.0,2778686120.0,64236000.0,123278000.0
300638,20180516,1119860000.0,3368000000.0,26600000.0,80000000.0
300639,20180516,2412603000.0,4878511200.0,90022500.0,182034000.0
300640,20180516,763511625.0,2124000000.0,28757500.0,80000000.0
300641,20180516,1869822000.0,4098240000.0,131400000.0,288000000.0
300642,20180516,3666155640.0,6252431204.0,35511000.0,60562100.0
300643,20180516,884551732.0,2456000000.0,72031900.0,200000000.0
300644,20180516,713440000.0,2853760000.0,15999999.999999998,63999999.99999999
300645,20180516,1594210410.0,2340001170.0,45419100.0,66666700.0
300647,20180516,1012919328.0,2918951700.0,42667200.0,122955000.00000001
300648,20180516,1406841400.0,3906290000.0,24382000.0,67700000.0
300649,20180516,1144960000.0,4579840000.0,32000000.0,128000000.0
300650,20180516,1660685460.0,2399308260.0,74303600.0,107351600.0
300651,20180516,944826496.0,2877111866.0,24870400.0,75733400.0
300652,20180516,552860000.0,2211440000.0,22000000.0,88000000.0
300653,20180516,1084800000.0,4339200000.0,20000000.0,80000000.0
300654,20180516,775453500.0,3100153500.0,23350000.0,93350000.0
300655,20180516,753655000.0,3014616584.0,22062500.000000004,88249900.00000001
300656,20180516,635950320.0,2868000000.0,13304400.0,60000000.0
300657,20180516,923520000.0,3694080000.0,25999999.999999996,103999999.99999999
300658,20180516,631125000.0,2524500000.0,37500000.00000001,150000000.00000003
300659,20180516,881076000.0,3575052250.0,20400000.0,82775000.0
300660,20180516,1600854500.0,6456657340.0,25270000.0,101920400.0
300661,20180516,1671223770.0,6825682818.0,14907000.0,60883800.0
300662,20180516,933300000.0,3733200000.0,45000000.0,180000000.0
300663,20180516,1177702400.0,4836557824.0,32859999.999999996,134948600.0
300664,20180516,1740800000.0,10444800000.0,80000000.0,479999999.99999994
300665,20180516,516800000.0,2067200000.0,19000000.0,76000000.0
300666,20180516,3631416000.0,14525664000.0,54689999.99999999,218759999.99999997
300667,20180516,1026800000.0,4107200000.0,17000000.0,68000000.0
300668,20180516,922576000.0,3676352000.0,10580000.0,42160000.0
300669,20180516,512778000.0,2051112000.0,21050000.0,84200000.0
300670,20180516,941220000.0,3764880000.0,27000000.0,108000000.0
300671,20180516,1082445000.0,4327645000.0,25350000.0,101350000.0
300672,20180516,1732354400.0,6929411400.0,27941200.0,111764700.0
300673,20180516,1320000000.0,5280000000.0,20000000.0,80000000.0
300675,20180516,1334667880.0,5338667880.0,36666700.0,146666700.0
300676,20180516,6219109000.0,62051509000.0,40100000.0,400100000.0
300677,20180516,1410457497.0,5699556987.0,48619700.0,196468700.0
300678,20180516,1458250000.0,5833000000.0,25000000.0,100000000.0
300679,20180516,2290200000.0,9160800000.0,30000000.0,120000000.0
300680,20180516,520710000.0,2082840000.0,17000000.0,68000000.0
300681,20180516,1188810000.0,4755240000.0,18900000.0,75600000.0
300682,20180516,943200000.0,8735295888.0,45000000.0,416760300.0
300683,20180516,1264034096.0,5056131492.0,25838800.0,103355100.0
300684,20180516,1555152000.0,6219892000.0,21720000.0,86870000.0
300685,20180516,2390200000.0,9560800000.0,20000000.0,80000000.0
300686,20180516,829763000.0,3432594330.0,31300000.0,129482999.99999999
300687,20180516,1098400000.0,4393600000.0,20000000.0,80000000.0
300688,20180516,1119790000.0,4479160000.0,17000000.0,68000000.0
300689,20180516,639030000.0,2556120000.0,17000000.0,68000000.0
300690,20180516,881704320.0,3525800320.0,27744000.0,110944000.0
300691,20180516,1369386000.0,5601908565.0,21400000.0,87543500.0
300692,20180516,1114005900.0,4455605900.0,26669999.999999996,106669999.99999999
300693,20180516,816369900.0,3265250544.0,22810000.0,91233600.0
300695,20180516,1203963163.0,4813463163.0,16677700.0,66677700.0
300696,20180516,1140225000.0,4557595000.0,17250000.0,68950000.0
300697,20180516,882000000.0,3528000000.0,40000000.0,160000000.0
300698,20180516,912540000.0,3650160000.0,33500000.000000004,134000000.00000001
300699,20180516,5044360000.0,20177440000.0,92000000.0,368000000.0
300700,20180516,1273904000.0,5095616000.0,20600000.0,82400000.0
300701,20180516,835200000.0,3340800000.0,20000000.0,80000000.0
300702,20180516,1218000000.0,4872000000.0,30000000.0,120000000.0
300703,20180516,617000000.0,2468000000.0,20000000.0,80000000.0
300705,20180516,1793847600.0,7174167600.0,58680000.0,234680000.0
300706,20180516,1564276000.0,6257104000.0,19600000.0,78400000.0
300707,20180516,1356046500.0,5424186000.0,19650000.0,78600000.0
300708,20180516,1618542800.0,6474422800.0,64330000.0,257330000.0
300709,20180516,1073600000.0,4294400000.0,22000000.0,88000000.0
300710,20180516,626325000.0,2455695060.0,17500000.0,68614000.0
300711,20180516,864956000.0,3454936160.0,36100000.0,144196000.0
300712,20180516,761685000.0,3046740000.0,35020000.0,140080000.0
300713,20180516,805906250.0,4029531250.0,10625000.0,53125000.00000001
300715,20180516,962280000.0,3849120000.0,32400000.0,129600000.0
300716,20180516,770251600.0,3079851600.0,26680000.0,106680000.0
300717,20180516,684800000.0,2739200000.0,16000000.000000002,64000000.00000001
300718,20180516,1167000000.0,4668000000.0,25000000.0,100000000.0
300719,20180516,1168650000.0,4674600000.0,63000000.0,252000000.0
300720,20180516,568080000.0,2272320000.0,18000000.0,72000000.0
300721,20180516,636988500.0,2546365500.0,20050000.0,80150000.0
300722,20180516,809800000.0,3239200000.0,20000000.0,80000000.0
300723,20180516,1769600000.0,7078400000.0,40000000.0,160000000.0
300725,20180516,2146829430.0,8587329430.0,18333300.0,73333300.0
300726,20180516,1261546000.0,12587146000.0,40100000.0,400100000.0
300727,20180516,1044320000.0,4177280000.0,24400000.0,97600000.0
300729,20180516,664780000.0,2659120000.0,21500000.0,86000000.0
300730,20180516,958185200.0,3832163580.0,23240000.0,92946000.0
300731,20180516,820820000.0,3254081194.0,22000000.0,87217400.0
300732,20180516,1518300000.0,6073200000.0,18000000.0,72000000.0
300733,20180516,955600000.0,3822400000.0,40000000.0,160000000.0
300735,20180516,1903072800.0,7611432800.0,88680000.0,354680000.0
300736,20180516,642880420.0,2571516945.0,13577200.0,54308700.0
300737,20180516,2190765710.0,8763065710.0,152666600.0,610666600.0
300738,20180516,1001558400.0,4005374420.0,16320000.0,65266000.0
300739,20180516,1438360000.0,5753440000.0,30799999.999999996,123199999.99999999
300740,20180516,2006000000.0,8024000000.0,68000000.0,272000000.0
300741,20180516,2943386100.0,29432905200.0,61590000.0,615880000.0
300742,20180516,1168770200.0,4673806644.0,19630000.0,78498600.0
300743,20180516,996765000.0,3953109580.0,16500000.000000002,65438000.0
600000,20180516,305487913593.0,319057113948.0,28103763900.000004,29352080400.000004
600004,20180516,33005661975.0,33005661975.0,2069320500.0,2069320500.0
600006,20180516,9160000000.0,9160000000.0,2000000000.0,2000000000.0
600007,20180516,14162391950.0,14162391950.0,1007282500.0,1007282500.0
600008,20180516,23283566103.0,23283566103.0,4820614100.0,4820614100.0
600009,20180516,58894638904.0,103785984810.0,1093476400.0,1926958500.0
600010,20180516,44298055938.0,91625915526.0,22038833800.000004,45585032600.00001
600011,20180516,69510000000.0,100626538108.0,10500000000.0,15200383400.0
600012,20180516,9441360000.0,13434741000.0,1165600000.0,1658610000.0
600015,20180516,109121063817.0,109121063817.0,12822686700.0,12822686700.0
600016,20180516,231390353619.0,285680281104.0,29551769300.0,36485348800.0
600017,20180516,11841267515.0,11841267515.0,3075653900.0,3075653900.0
600018,20180516,153597462975.0,156422304225.0,22755179700.0,23173674700.0
600019,20180516,195714974132.0,197293727786.0,22089726200.0,22267915100.0
600020,20180516,9933383356.0,9933383356.0,2247371800.0,2247371800.0
600021,20180516,7094969972.0,19976058188.0,855846800.0000001,2409657200.0000005
600022,20180516,21590998462.0,22112030192.0,10688613100.0,10946549600.0
600023,20180516,70723588000.0,70723588000.0,13600690000.0,13600690000.0
600025,20180516,6300000000.0,63000000000.0,1800000000.0,18000000000.0
600026,20180516,13187678578.0,19434398578.0,2736032900.0,4032032900.0
600027,20180516,26188578002.0,38071090062.0,6784605700.0,9862976700.0
600028,20180516,678460174100.0,859605588160.0,95557771000.0,121071209600.0
600029,20180516,74018731000.0,106329346582.0,7022650000.000001,10088173300.0
600030,20180516,191582196384.0,236522051968.0,9814661700.0,12116908400.0
600031,20180516,66757258908.0,67284815427.0,7646879600.0,7707309900.0
600033,20180516,9413292000.0,9413292000.0,2744400000.0,2744400000.0
600035,20180516,5920838547.0,6871259723.0,1491395100.0,1730795900.0
600036,20180516,618249463668.0,755838772632.0,20628944400.0,25219845600.0
600037,20180516,14102008640.0,16798759253.0,1168352000.0,1391777900.0
600038,20180516,26673820675.0,26673820675.0,589476700.0,589476700.0
600039,20180516,11414589606.0,13647786390.0,3019732700.0,3610525500.0
600048,20180516,160201053285.0,161867719650.0,11736340900.0,11858441000.0
600050,20180516,122940259120.0,179961307860.0,21196596400.0,31027811700.0
600051,20180516,2387558400.0,2387558400.0,310880000.0,310880000.0
600052,20180516,3251773343.0,3251773343.0,871789100.0,871789100.0
600053,20180516,9763338816.0,9763338816.0,433540800.0,433540800.0
600054,20180516,6498378000.0,9460818000.0,513300000.0,747300000.0
600055,20180516,7296962400.0,8139283810.0,484848000.0,540816200.0
600056,20180516,22904639943.0,24179829128.0,1012136100.0,1068485600.0
600057,20180516,12854148070.0,12973878880.0,1444286300.0,1457739200.0
600058,20180516,11276500564.0,11276500564.0,1071910700.0,1071910700.0
600059,20180516,7123098202.0,7123098202.0,808524200.0,808524200.0
600060,20180516,18645857100.0,18645857100.0,1308481200.0,1308481200.0
600061,20180516,45253358325.0,51782338825.0,3694151700.0,4227129700.0
600062,20180516,18166209448.0,23020777256.0,686035100.0,869364700.0
600063,20180516,5777684100.0,5777684100.0,1925894700.0,1925894700.0
600064,20180516,10992292213.0,10992292213.0,772473100.0,772473100.0
600066,20180516,48064620032.0,48064620032.0,2213939200.0,2213939200.0
600067,20180516,7624685677.0,7624685677.0,1492110700.0,1492110700.0
600068,20180516,36838219200.0,36838219200.0,4604777400.0,4604777400.0
600069,20180516,6660768987.0,10080260403.0,825374100.0,1249102900.0
600070,20180516,3681920977.0,4786245737.0,401518100.0,521946100.0
600071,20180516,3823307250.0,3823307250.0,237472499.99999997,237472499.99999997
600072,20180516,7071166476.0,8665661323.0,600778800.0,736249900.0
600073,20180516,6901689120.0,6901689120.0,937729500.0,937729500.0
600074,20180516,1467255933.0,3486176980.0,1026053100.0,2437886000.0
600075,20180516,4445568512.0,7041062176.0,614028800.0,972522400.0
600076,20180516,4777578710.0,6567577035.0,752374600.0,1034264100.0
600077,20180516,4623421935.0,4623421935.0,1340122300.0,1340122300.0
600078,20180516,2862314928.0,2862314928.0,662572900.0,662572900.0
600079,20180516,19715132703.0,20752286919.0,1286049100.0,1353704300.0
600080,20180516,3394890408.0,4150765736.0,305295900.0,373270300.0
600081,20180516,3320600400.0,3320600400.0,313560000.0,313560000.0
600082,20180516,3554884916.0,3631170796.0,632541800.0,646115800.0
600083,20180516,4685262315.0,4726500000.0,227993300.0,230000000.0
600084,20180516,8450425536.0,8450425536.0,1123726800.0,1123726800.0
600085,20180516,55928558834.0,55928558834.0,1371470300.0,1371470300.0
600086,20180516,10610723800.0,13554000000.0,1056845000.0000001,1350000000.0
600088,20180516,4729391940.0,4729391940.0,331422000.0,331422000.0
600089,20180516,30531651216.0,30533213016.0,3714312799.9999995,3714502799.9999995
600090,20180516,6071302080.0,12438688320.0,702697000.0,1439663000.0
600091,20180516,1524462780.0,1981478625.0,336526000.0,437412500.0
600093,20180516,4394959425.0,15298959425.0,322447500.0,1122447500.0
600094,20180516,14638570150.0,15916340393.0,2276605000.0,2475325100.0
600095,20180516,1907471808.0,1907471808.0,361263600.0,361263600.0
600096,20180516,7406058660.0,8721102720.0,1122130100.0,1321379200.0
600097,20180516,2696578049.0,3206866146.0,202597900.0,240936600.0
600098,20180516,18510874914.0,18510874914.0,2726196600.0,2726196600.0
600099,20180516,1904152800.0,1904152800.0,219120000.0,219120000.0
600100,20180516,31684080310.0,31684080310.0,2963899000.0,2963899000.0
600101,20180516,2642058850.0,2642058850.0,324179000.0,324179000.0
600103,20180516,3780156096.0,6314393360.0,1061841600.0,1773706000.0
600104,20180516,396638366392.0,402845749072.0,11503432900.000002,11683461400.000002
600105,20180516,4632408544.0,5860470048.0,761909300.0,963893100.0
600106,20180516,3904198342.0,3904198342.0,998516200.0,998516200.0
600107,20180516,4053600000.0,4053600000.0,360000000.0,360000000.0
600108,20180516,6989425209.0,6989425209.0,1946915100.0,1946915100.0
600109,20180516,25434861713.0,25434861713.0,3024359300.0,3024359300.0
600110,20180516,8351265846.0,8351265846.0,1150312100.0,1150312100.0
600111,20180516,46103607540.0,46103607540.0,3633066000.0,3633066000.0
600112,20180516,2271053408.0,2271053408.0,509204800.0,509204800.0
600113,20180516,3278394000.0,3278394000.0,318600000.0,318600000.0
600114,20180516,6858481300.0,7103739500.0,623498300.0,645794500.0
600115,20180516,76408103603.0,112702492603.0,9808485700.0,14467585700.0
600116,20180516,7953974055.0,7953974055.0,993005500.0,993005500.0
600117,20180516,3320662464.0,4682129984.0,741219299.9999999,1045118299.9999999
600118,20180516,26996226153.0,26996226153.0,1182489100.0,1182489100.0
600119,20180516,3399844000.0,3399844000.0,307400000.0,307400000.0
600120,20180516,10614943500.0,14124732300.0,505473500.0,672606300.0
600121,20180516,4223828544.0,4223828544.0,1015343400.0,1015343400.0
600122,20180516,9379884240.0,9379884240.0,1158010400.0,1158010400.0
600123,20180516,8282400000.0,8282400000.0,1142400000.0,1142400000.0
600125,20180516,10979439179.0,10979439179.0,1305521900.0,1305521900.0
600126,20180516,5812202220.0,16288443006.0,926986000.0000001,2597837800.0
600127,20180516,2631311120.0,2631311120.0,641783200.0,641783200.0
600128,20180516,2045702575.0,2045702575.0,246767500.00000003,246767500.00000003
600129,20180516,6685160040.0,8720908362.0,426894000.0,556890700.0
600130,20180516,4723200000.0,4723200000.0,768000000.0,768000000.0
600131,20180516,2380654219.0,3019709948.0,397438100.0,504125200.0
600132,20180516,14644968512.0,14644968512.0,483971200.0,483971200.0
600133,20180516,5126653017.0,6916678635.0,537948900.0,725779500.0
600135,20180516,3374021880.0,3416604888.0,368343000.0,372991800.0
600136,20180516,6256118151.0,8852100574.0,344310299.99999994,487182199.99999994
600137,20180516,1916158896.0,1916158896.0,97217600.0,97217600.0
600138,20180516,15924480000.0,15924480000.0,723840000.0,723840000.0
600139,20180516,3560970890.0,3560970890.0,661890500.0,661890500.0
600141,20180516,8206815551.0,9932079399.0,500720900.0,605984100.0
600143,20180516,14668800000.0,15567176904.0,2560000000.0,2716784800.0
600145,20180516,2788357748.0,2788357748.0,1491100400.0,1491100400.0
600146,20180516,5288000000.0,12426006800.0,200000000.0,469970000.0
600148,20180516,2745420100.0,2745420100.0,141516500.0,141516500.0
600149,20180516,2991859200.0,2991859200.0,380160000.0,380160000.0
600150,20180516,17984434680.0,17984434680.0,1378117600.0,1378117600.0
600151,20180516,7651713307.0,7902730173.0,1388695700.0,1434252300.0
600152,20180516,1696396476.0,2547018846.0,293494200.0,440660700.0
600153,20180516,31839301615.0,31839301615.0,2835200500.0,2835200500.0
600155,20180516,10052638002.0,15499450197.0,1128242200.0,1739556700.0
600156,20180516,1725054903.0,1725054903.0,402110700.0,402110700.0
600157,20180516,28455071237.0,28455071237.0,12425795300.0,12425795300.0
600158,20180516,7653246456.0,9821080056.0,657495400.0,843735400.0
600159,20180516,2755610624.0,2755610624.0,830003200.0,830003200.0
600160,20180516,23884881680.0,24664261216.0,2044938500.0,2111666200.0
600161,20180516,20304239070.0,20304239070.0,670106900.0,670106900.0
600162,20180516,7253786304.0,10406054484.0,2370518400.0,3400671400.0
600163,20180516,3787973108.0,3787973108.0,999465200.0,999465200.0
600165,20180516,11307431538.0,11307431538.0,684883799.9999999,684883799.9999999
600166,20180516,15141198051.0,15141198051.0,6670131300.0,6670131300.0
600167,20180516,8550760327.0,18313757260.0,410896700.0,880046000.0
600168,20180516,5314677053.0,5314677053.0,709569700.0,709569700.0
600169,20180516,7409829950.0,7409829950.0,2563955000.0,2563955000.0
600170,20180516,30892352036.0,32412007628.0,8486909900.0,8904397700.0
600171,20180516,9372666498.0,9731568145.0,673807800.0,699609500.0
600172,20180516,6525539928.0,8237854440.0,1169451600.0,1476318000.0
600173,20180516,3741296700.0,3754919100.0,725057500.0,727697500.0
600175,20180516,10220826375.0,14913958296.0,2451037500.0,3576488800.0
600176,20180516,44216623350.0,44216623350.0,2918589000.0,2918589000.0
600177,20180516,29726013420.0,29726013420.0,3581447399.9999995,3581447399.9999995
600178,20180516,2837171200.0,2837171200.0,462080000.0,462080000.0
600179,20180516,7871957560.0,17376422260.0,481171000.0,1062128500.0
600180,20180516,9812418357.0,11313394575.0,881618899.9999999,1016477499.9999999
600182,20180516,4528800000.0,9057600000.0,170000000.0,340000000.0
600183,20180516,20988645360.0,20988645360.0,1459572000.0,1459572000.0
600184,20180516,7123121208.0,8654021208.0,418760799.99999994,508760799.99999994
600185,20180516,12340067286.0,12340067286.0,2060111400.0,2060111400.0
600186,20180516,2506377348.0,2506377348.0,1062024300.0,1062024300.0
600187,20180516,5575040686.0,6334571433.0,1455624200.0,1653935100.0
600188,20180516,43835667295.0,72746956960.0,2959869500.0,4912016000.0
600189,20180516,2331855000.0,4141330922.0,310500000.0,551442200.0
600190,20180516,6868810170.0,7728845190.0,1779484500.0,2002291500.0
600191,20180516,3190852560.0,3190852560.0,484932000.0,484932000.0
600192,20180516,2411944080.0,2411944080.0,441748000.0,441748000.0
600193,20180516,1429253280.0,1429253280.0,425373000.0,425373000.0
600195,20180516,9481388000.0,9481388000.0,429800000.0,429800000.0
600196,20180516,83974306127.0,109710914467.0,1909809100.0,2495131100.0
600197,20180516,9106650000.0,9106650000.0,441000000.00000006,441000000.00000006
600198,20180516,7046371885.0,7100973425.0,875325699.9999999,882108499.9999999
600199,20180516,3973791250.0,3973791250.0,555775000.0,555775000.0
600200,20180516,7551122640.0,7688148735.0,709025600.0,721891900.0
600201,20180516,21829452762.0,22865470962.0,858413400.0,899153400.0
600202,20180516,1717366336.0,1717366336.0,383340699.99999994,383340699.99999994
600203,20180516,3652017330.0,4628373594.0,360159500.0,456447100.0
600206,20180516,8865886631.0,8953617631.0,838778300.0,847078300.0
600207,20180516,6037500000.0,7550865000.0,690000000.0,862956000.0
600208,20180516,37659992922.0,37665124530.0,8598171900.0,8599343500.0
600209,20180516,2370660480.0,2370660480.0,439011200.0,439011200.0
600210,20180516,6157948972.0,6157948972.0,1516736200.0000002,1516736200.0000002
600211,20180516,6617020050.0,8163692640.0,145589000.0,179619200.0
600212,20180516,2855270376.0,2855270376.0,511697200.0,511697200.0
600213,20180516,2142800000.0,2142800000.0,220000000.0,220000000.0
600215,20180516,4413162221.0,4413162221.0,465032900.0,465032900.0
600216,20180516,15401177119.0,15710442160.0,946599700.0,965608000.0
600217,20180516,4414811901.0,8512484574.0,720197700.0,1388659800.0
600218,20180516,2271530800.0,2271530800.0,368755000.0,368755000.0
600219,20180516,22043558399.0,28770930019.0,7087960900.0,9251102900.0
600220,20180516,4672351586.0,4672351586.0,1783340300.0,1783340300.0
600221,20180516,53417008775.0,54619890975.0,16436002700.0,16806120300.0
600222,20180516,2677546800.0,2857953774.0,537660000.0,573886300.0
600223,20180516,3463349280.0,3463349280.0,1000968000.0,1000968000.0
600225,20180516,3682731150.0,3695195770.0,932337000.0,935492600.0
600226,20180516,9087482640.0,14312198856.0,1992869000.0000002,3138640100.0000005
600227,20180516,6812342376.0,9497664930.0,1245400800.0,1736319000.0
600228,20180516,2362522800.0,2362522800.0,241320000.00000003,241320000.00000003
600229,20180516,3807780806.0,6220570560.0,429772100.0,702096000.0
600230,20180516,11902854572.0,11902854572.0,294188200.0,294188200.0
600231,20180516,5804895884.0,9094189621.0,1608004400.0,2519166100.0
600232,20180516,2148191965.0,2148191965.0,364718500.0,364718500.0
600233,20180516,11954194154.0,43116788176.0,783367900.0,2825477600.0
600234,20180516,2052801426.0,2052801426.0,202445900.0,202445900.0
600235,20180516,2005923000.0,2005923000.0,351300000.0,351300000.0
600236,20180516,20869885932.0,35106897825.0,3604470800.0,6063367500.0
600237,20180516,2720261472.0,2720261472.0,564369600.0,564369600.0
600238,20180516,2158257760.0,2173770000.0,445001600.00000006,448200000.00000006
600239,20180516,8172946321.0,8172946321.0,1605686900.0,1605686900.0
600240,20180516,11094935544.0,11094935544.0,1424253600.0,1424253600.0
600241,20180516,1562968710.0,2383847010.0,192959100.0,294302100.0
600242,20180516,4251185994.0,6397879452.0,303439400.0,456665200.0
600243,20180516,1378467000.0,2554107000.0,236850000.0,438850000.0
600246,20180516,4988880000.0,8421438130.0,1216800000.0,2054009300.0000002
600247,20180516,2493032256.0,2493032256.0,336441600.0,336441600.0
600248,20180516,3165627260.0,3208297160.0,607606000.0,615796000.0
600249,20180516,2948000000.0,2948000000.0,550000000.0,550000000.0
600250,20180516,2165256225.0,2165256225.0,258692500.00000003,258692500.00000003
600251,20180516,5564529780.0,5564529780.0,784842000.0,784842000.0
600252,20180516,13483415548.0,13483415548.0,3475107100.0,3475107100.0
600255,20180516,5591915776.0,5591915776.0,1769593600.0,1769593600.0
600256,20180516,28969544190.0,28969544190.0,6737103300.0,6737103300.0
600257,20180516,2771554500.0,3123229428.0,427050000.0,481237200.0
600258,20180516,16130536722.0,25279869372.0,520507800.0,815742800.0
600259,20180516,8398408104.0,9669742488.0,262122600.0,301802200.0
600260,20180516,18777339036.0,22073542290.0,602997400.0,708848500.0
600261,20180516,5634159252.0,5634159252.0,1452102900.0,1452102900.0
600262,20180516,4299300000.0,4299300000.0,170000000.0,170000000.0
600265,20180516,2515524000.0,2515524000.0,129800000.0,129800000.0
600266,20180516,16673305600.0,16673305600.0,1567040000.0,1567040000.0
600267,20180516,16134036378.0,16134036378.0,965531800.0,965531800.0
600268,20180516,3080945040.0,3372036220.0,635246400.0,695265200.0
600269,20180516,10766226270.0,10766226270.0,2335407000.0,2335407000.0
600270,20180516,18372223693.0,18372223693.0,905481700.0,905481700.0
600271,20180516,46558130520.0,46962496399.0,1846812000.0,1862851900.0
600272,20180516,1556800000.0,2364390000.0,160000000.0,243000000.0
600273,20180516,10555973978.0,12083920354.0,1296802700.0,1484511100.0
600275,20180516,2274502284.0,2274502284.0,508837200.0,508837200.0
600276,20180516,258043341402.0,259527209760.0,2816452100.0,2832648000.0
600277,20180516,14252447183.0,14598551266.0,2674005100.0,2738940200.0
600278,20180516,5201527332.0,5201527332.0,522241699.99999994,522241699.99999994
600279,20180516,3936004848.0,3936004848.0,692958600.0,692958600.0
600280,20180516,10461330939.0,10461330939.0,1148334900.0,1148334900.0
600281,20180516,2340529100.0,2340529100.0,514402000.0,514402000.0
600282,20180516,17169583575.0,19531770325.0,3875752500.0000005,4408977500.0
600283,20180516,5167858512.0,5167858512.0,352995800.0,352995800.0
600284,20180516,5714807840.0,5714807840.0,970256000.0,970256000.0
600285,20180516,5456078574.0,6035748952.0,535434600.0,592320800.0
600287,20180516,2769287274.0,2769287274.0,436796100.0,436796100.0
600288,20180516,3835104000.0,3835104000.0,436800000.00000006,436800000.00000006
600289,20180516,1867544910.0,2082471930.0,565922700.0,631052100.0
600290,20180516,5869484418.0,8465326104.0,526883700.0,759903600.0
600291,20180516,14879140160.0,16614578880.0,978890800.0,1093064400.0
600292,20180516,5614073511.0,5614073511.0,780816900.0,780816900.0
600293,20180516,2986837542.0,6717122960.0,516753900.0,1162132000.0
600295,20180516,7025760000.0,11847360000.0,612000000.0,1032000000.0
600297,20180516,16575015303.0,56440065528.0,2391777100.0,8144309600.0
600298,20180516,32238044808.0,32238044808.0,824080900.0,824080900.0
600299,20180516,7940410908.0,37063875966.0,574559400.0,2681901300.0
600300,20180516,6554240000.0,6554240000.0,1672000000.0,1672000000.0
600301,20180516,1457918220.0,1457918220.0,235148100.0,235148100.0
600302,20180516,1840772136.0,1840772136.0,346009800.0,346009800.0
600303,20180516,4633822521.0,5046763374.0,620324300.0,675604200.0
600305,20180516,7895867800.0,7895867800.0,602738000.0,602738000.0
600306,20180516,1515044678.0,1521306206.0,177405700.00000003,178138900.00000003
600307,20180516,14405722020.0,14405722020.0,6263357400.000001,6263357400.000001
600308,20180516,6701802436.0,6701802436.0,1167561400.0,1167561400.0
600309,20180516,99627426432.0,99627426432.0,2734012800.0,2734012800.0
600310,20180516,4271319000.0,4271319000.0,827775000.0,827775000.0
600311,20180516,2702336000.0,2702336000.0,665600000.0000001,665600000.0000001
600312,20180516,9878387064.0,9878387064.0,1356921300.0,1356921300.0
600313,20180516,2931109675.0,3192485870.0,993596499.9999999,1082198600.0
600315,20180516,28595186100.0,28614999360.0,671248500.0,671713600.0
600316,20180516,8540833695.0,8540833695.0,717114500.0,717114500.0
600317,20180516,19160029680.0,19160029680.0,6472983000.0,6472983000.0
600318,20180516,5343360000.0,5343360000.0,484000000.00000006,484000000.00000006
600319,20180516,2654145540.0,2654145540.0,315594000.0,315594000.0
600320,20180516,13924706942.0,22083181838.0,2768331400.0,4390294600.0
600321,20180516,3308104500.0,3308104500.0,1510550000.0,1510550000.0
600322,20180516,6214034000.0,6214034000.0,1105700000.0,1105700000.0
600323,20180516,12352175680.0,12352175680.0,766264000.0,766264000.0
600325,20180516,16289859871.0,18026844481.0,1914202100.0,2118313100.0
600326,20180516,6594229890.0,6594229890.0,865384500.0,865384500.0
600327,20180516,4197031360.0,4197031360.0,567166400.0,567166400.0
600328,20180516,4130633273.0,4130633273.0,438031100.0,438031100.0
600329,20180516,11349308086.0,15423594386.0,565768100.0,768873100.0
600330,20180516,8155229148.0,8155229148.0,830471400.0,830471400.0
600331,20180516,7762240000.0,7762240000.0,2032000000.0,2032000000.0
600332,20180516,46264233967.0,70217913290.0,1071179300.0,1625791000.0
600333,20180516,2987055672.0,3434933148.0,529619800.00000006,609030700.0
600335,20180516,10843128504.0,10843128504.0,1029736800.0000001,1029736800.0000001
600336,20180516,3410673790.0,3627437444.0,730337000.0,776753200.0
600337,20180516,8485096620.0,10330896576.0,1483408500.0,1806100800.0
600338,20180516,4564749039.0,18826197576.0,158333300.0,653007200.0
600339,20180516,6751986045.0,24286691625.0,1552180700.0000002,5583147500.0
600340,20180516,86875432980.0,86875432980.0,2954946700.0,2954946700.0
600343,20180516,7122382308.0,7122382308.0,638206300.0,638206300.0
600345,20180516,5722200000.0,5722200000.0,198000000.0,198000000.0
600346,20180516,14967166148.0,82259419572.0,919359099.9999999,5052789900.0
600348,20180516,17388150000.0,17388150000.0,2405000000.0,2405000000.0
600350,20180516,25451067611.0,25451067611.0,4811165900.0,4811165900.0
600351,20180516,5681320000.0,6461610715.0,691999999.9999999,787041499.9999999
600352,20180516,39723182499.0,39723182499.0,3253331900.0,3253331900.0
600353,20180516,3126390000.0,3126390000.0,543720000.0,543720000.0
600354,20180516,2848021356.0,3356821356.0,447802100.0,527802100.0
600355,20180516,2868880036.0,2868880036.0,492089200.0,492089200.0
600356,20180516,2159828022.0,2159828022.0,298731400.0,298731400.0
600358,20180516,2963520000.0,3463865762.0,432000000.0,504936700.0
600359,20180516,2231849880.0,2231849880.0,381512800.0,381512800.0
600360,20180516,5684740600.0,5787227600.0,738278000.0,751588000.0
600361,20180516,3408936448.0,3408936448.0,665807900.0,665807900.0
600362,20180516,36088552286.0,60216864266.0,2075247400.0,3462729400.0
600363,20180516,5499112320.0,5499112320.0,443476800.0,443476800.0
600365,20180516,3000000000.0,3000000000.0,400000000.0,400000000.0
600366,20180516,8141748795.0,8281972895.0,547528500.0,556958500.0
600367,20180516,3005184000.0,3005184000.0,291200000.0,291200000.0
600368,20180516,4527542145.0,4527542145.0,833801500.0,833801500.0
600369,20180516,25064284404.0,25064284404.0,5645109099.999999,5645109099.999999
600370,20180516,2343897948.0,2343897948.0,797244200.0,797244200.0
600371,20180516,2104311000.0,2104311000.0,225060000.0,225060000.0
600372,20180516,26528176532.0,26528176532.0,1759162900.0,1759162900.0
600373,20180516,20228159200.0,20228159200.0,1377940000.0,1377940000.0
600375,20180516,2639767850.0,2639767850.0,555740600.0,555740600.0
600376,20180516,22734083300.0,23035518129.0,2545810000.0,2579565300.0
600377,20180516,36346681998.0,48211243575.0,3797981400.0,5037747500.0
600378,20180516,3346396558.0,3346396558.0,297193300.0,297193300.0
600379,20180516,2000078384.0,2000078384.0,235858300.0,235858300.0
600380,20180516,17715634902.0,17846645922.0,1562225300.0,1573778300.0
600381,20180516,2176322889.0,6477843580.0,211910700.0,630754000.0
600382,20180516,3947173230.0,5391825285.0,341746600.0,466824700.0
600383,20180516,50743919664.0,50743919664.0,4514583600.0,4514583600.0
600385,20180516,1880330946.0,1950570507.0,142773800.0,148107100.0
600386,20180516,3967488000.0,3967488000.0,806400000.0,806400000.0
600387,20180516,4169525100.0,5034568325.0,385710000.0,465732500.0
600388,20180516,16580965500.0,16580965500.0,1069050000.0,1069050000.0
600389,20180516,5951880000.0,5951880000.0,297000000.0,297000000.0
600390,20180516,4811848249.0,35122393686.0,513537700.00000006,3748387800.0000005
600391,20180516,5876303320.0,5876303320.0,330129400.0,330129400.0
600392,20180516,17176832000.0,21602056000.0,1073552000.0,1350128500.0
600393,20180516,6057700328.0,15547199627.0,988205600.0,2536247900.0
600395,20180516,10443377489.0,10443377489.0,1655051900.0,1655051900.0
600396,20180516,3051370424.0,3858491816.0,1164645200.0,1472706800.0
600397,20180516,2524397745.0,2524397745.0,989959900.0000001,989959900.0000001
600398,20180516,61955131441.0,61955131441.0,4492757900.0,4492757900.0
600399,20180516,6212925400.0,7150000000.0,1129622800.0,1300000000.0
600400,20180516,8627028675.0,10766341825.0,2029889100.0,2533256900.0
600401,20180516,4110693624.0,4110693624.0,4724935200.0,4724935200.0
600403,20180516,10423942064.0,10423942064.0,2390812400.0,2390812400.0
600405,20180516,3330717908.0,3383483208.0,553275400.0,562040400.0
600406,20180516,40409405952.0,83972726312.0,2205753600.0,4583664100.0
600408,20180516,2043804000.0,2043804000.0,1006800000.0000001,1006800000.0000001
600409,20180516,18337320305.0,20457703545.0,1850385500.0,2064349500.0
600410,20180516,12218800448.0,12318729502.0,1093894400.0,1102840600.0
600415,20180516,27869256704.0,27869256704.0,5443214200.0,5443214200.0
600416,20180516,8170963632.0,8767883961.0,881441600.0,945834300.0
600418,20180516,14370238839.0,14370238839.0,1893312100.0,1893312100.0
600419,20180516,4290582060.0,4964536962.0,89499000.0,103557300.0
600420,20180516,7268145684.0,14016362262.0,575466800.0,1109767400.0
600421,20180516,1412232000.0,1412232000.0,195600000.0,195600000.0
600422,20180516,6447708216.0,7500326058.0,675860400.0000001,786197700.0000001
600423,20180516,1928848425.0,1928848425.0,399347500.0,399347500.0
600425,20180516,4963644360.0,4963644360.0,1378790100.0,1378790100.0
600426,20180516,30466181100.0,30576259245.0,1614530000.0,1620363500.0
600428,20180516,7302728448.0,9273531456.0,1690446400.0,2146650799.9999998
600429,20180516,5168400000.0,8745735216.0,885000000.0,1497557400.0
600432,20180516,10809099086.0,10809099086.0,1603723900.0,1603723900.0
600433,20180516,5479369374.0,5479369374.0,1271315400.0,1271315400.0
600435,20180516,15593180400.0,15593180400.0,1489320000.0,1489320000.0
600436,20180516,65616778672.0,65616778672.0,603317200.0,603317200.0
600438,20180516,34836667128.0,48607299944.0,2782481400.0,3882372200.0
600439,20180516,6316478532.0,6316478532.0,1131985400.0,1131985400.0
600444,20180516,1391250000.0,1940090175.0,105000000.0,146421900.0
600446,20180516,12189438495.0,12977331705.0,801409500.0,853210500.0
600448,20180516,1681009118.0,2088901806.0,422364100.0,524849700.0
600449,20180516,4542719500.0,4542719500.0,478181000.0,478181000.0
600452,20180516,5081600000.0,5081600000.0,160000000.0,160000000.0
600455,20180516,1789421700.0,1789421700.0,62458000.0,62458000.0
600456,20180516,8011547334.0,8011547334.0,430265700.0,430265700.0
600458,20180516,5383975894.0,6534777348.0,661422100.0,802798200.0
600459,20180516,4825477673.0,4825477673.0,260977700.00000003,260977700.00000003
600460,20180516,18495501440.0,19457873528.0,1247168000.0,1312061600.0
600461,20180516,3991680000.0,5306068992.0,594000000.0,789593600.0
600462,20180516,2567481800.0,2567481800.0,533780000.00000006,533780000.00000006
600463,20180516,2817000000.0,2817000000.0,300000000.0,300000000.0
600466,20180516,21193857340.0,21300286056.0,2123633000.0,2134297200.0
600467,20180516,4032344268.0,4032344268.0,1460994300.0,1460994300.0
600468,20180516,5125927020.0,5207349312.0,798431000.0,811113600.0
600469,20180516,2485866344.0,2485866344.0,562413200.0,562413200.0
600470,20180516,2446304000.0,2446304000.0,521599999.99999994,521599999.99999994
600475,20180516,1788507715.0,7121062706.0,140495500.0,559392200.0
600476,20180516,2931474000.0,2931474000.0,161070000.0,161070000.0
600477,20180516,10281609792.0,11215272096.0,1260001200.0,1374420600.0
600478,20180516,7586458250.0,8744635270.0,1275035000.0,1469686600.0
600479,20180516,4429022976.0,5067423227.0,304819200.0,348755900.0
600480,20180516,4459943484.0,5611024197.0,361714800.0,455070900.0
600481,20180516,6141679082.0,6141679082.0,1620495800.0,1620495800.0
600482,20180516,21786416895.0,41565679473.0,908903500.0,1734070900.0
600483,20180516,10066778400.0,12414604800.0,1258347300.0,1551825600.0
600485,20180516,23802756288.0,42657407452.0,1631443200.0,2923742800.0
600486,20180516,18002027101.0,18002027101.0,309898900.0,309898900.0
600487,20180516,41632165614.0,45606873624.0,1241269100.0,1359775600.0
600488,20180516,4592886900.0,5219218426.0,960855000.0,1091886700.0
600489,20180516,29576245804.0,29576245804.0,3451137200.0,3451137200.0
600490,20180516,12896188899.0,16398151023.0,1487449700.0,1891366900.0
600491,20180516,8462068000.0,13660738940.0,947600000.0,1529758000.0
600493,20180516,2001920000.0,2001920000.0,272000000.0,272000000.0
600495,20180516,5823480138.0,5823480138.0,1208190900.0,1208190900.0
600496,20180516,5180827036.0,5180827036.0,1510445200.0,1510445200.0
600497,20180516,26721368840.0,31566007920.0,4309898200.0,5091291600.0
600498,20180516,26423718400.0,28516838400.0,1032176500.0,1113939000.0
600499,20180516,12801981201.0,14305255699.0,1411464300.0,1577205700.0
600500,20180516,15789236266.0,15789236266.0,2083012700.0,2083012700.0
600501,20180516,4076973672.0,4221261672.0,406883600.0,421283600.0
600502,20180516,4644723204.0,8777917224.0,758941700.0,1434300200.0
600503,20180516,8444068300.0,8444068300.0,1602290000.0000002,1602290000.0000002
600505,20180516,2114491500.0,2114491500.0,364567500.0,364567500.0
600506,20180516,1965978839.0,1965978839.0,147706900.0,147706900.0
600507,20180516,17398340160.0,19022314080.0,1326093000.0,1449871500.0
600508,20180516,8079987240.0,8079987240.0,722718000.0,722718000.0
600509,20180516,4782078048.0,6079471200.0,905696600.0,1151415000.0
600510,20180516,5043613918.0,6638582300.0,795522700.0,1047095000.0
600511,20180516,8209915338.0,22678229509.0,277643400.0,766933700.0
600512,20180516,5073418020.0,5276379240.0,1537399400.0,1598902800.0
600513,20180516,2409251172.0,2409251172.0,285456300.0,285456300.0
600515,20180516,18506576664.0,43608732300.0,1658295400.0,3907592500.0
600516,20180516,52864182300.0,55005427800.0,1719160400.0,1788794400.0
600517,20180516,6035933155.0,6577413830.0,1244522300.0,1356167800.0
600518,20180516,116860715680.0,132016693198.0,4403192000.0,4974253700.0
600519,20180516,922702408056.0,922702408056.0,1256197800.0,1256197800.0
600520,20180516,2894516100.0,2894516100.0,158430000.0,158430000.0
600521,20180516,37659088909.0,38228119301.0,1026972700.0,1042490300.0
600522,20180516,27311456000.0,30660726000.0,2731145600.0,3066072600.0
600523,20180516,4375803018.0,4378691379.0,404044600.0,404311300.0
600525,20180516,21751552256.0,22996394456.0,1252969600.0,1324677100.0
600526,20180516,4236912378.0,4236912378.0,547404700.0,547404700.0
600527,20180516,3416900844.0,4098500844.0,1203134100.0,1443134100.0
600528,20180516,20380635301.0,24637007244.0,1837748900.0,2221551600.0
600529,20180516,5914594698.0,6975693900.0,257380100.0,303555000.0
600530,20180516,4703400000.0,4703400000.0,780000000.0,780000000.0
600531,20180516,6639577434.0,6639577434.0,1090242600.0,1090242600.0
600532,20180516,2448728592.0,3189286026.0,396234400.0,516065700.0
600533,20180516,4399500000.0,4399500000.0,1049999999.9999999,1049999999.9999999
600535,20180516,47422087251.0,47422087251.0,1080475900.0,1080475900.0
600536,20180516,11033696068.0,11033696068.0,494562800.0,494562800.0
600537,20180516,4681910014.0,4681910014.0,1176359300.0,1176359300.0
600538,20180516,2804983248.0,2804983248.0,464401200.0,464401200.0
600539,20180516,1720400000.0,1720400000.0,230000000.0,230000000.0
600540,20180516,2076771753.0,2076771753.0,470923300.0,470923300.0
600543,20180516,2922192000.0,2922192000.0,321120000.0,321120000.0
600545,20180516,5865820744.0,16452184840.0,675785800.0,1895413000.0
600546,20180516,9020175255.0,9020175255.0,1982456100.0,1982456100.0
600547,20180516,39524364061.0,50569344924.0,1451500700.0,1857118800.0
600548,20180516,12541115125.0,19081740125.0,1433270300.0,2180770300.0
600549,20180516,24454388140.0,24580658207.0,1081574000.0,1087158700.0
600550,20180516,8394300837.0,8394300837.0,1534607100.0,1534607100.0
600551,20180516,5351631674.0,5351631674.0,505825300.0,505825300.0
600552,20180516,5060306020.0,5238948768.0,740894000.0,767049600.0
600555,20180516,4945380000.0,6621780000.0,973500000.0,1303500000.0
600556,20180516,2108198358.0,2108198358.0,394793700.0,394793700.0
600557,20180516,8373451488.0,8624122909.0,598531200.0,616449100.0
600558,20180516,4380311424.0,4380311424.0,897604800.0,897604800.0
600559,20180516,9488500000.0,12896853241.0,350000000.0,475723100.0
600560,20180516,2346041295.0,2346041295.0,223645500.0,223645500.0
600561,20180516,1785091920.0,1785091920.0,237064000.0,237064000.0
600562,20180516,8430329007.0,12317756349.0,327645900.0,478731300.0
600563,20180516,11385000000.0,11385000000.0,225000000.0,225000000.0
600565,20180516,8470671294.0,8665111834.0,2366109300.0,2420422300.0
600566,20180516,42408105120.0,42408105120.0,809624000.0,809624000.0
600567,20180516,20017972254.0,20017972254.0,4570313300.0,4570313300.0
600568,20180516,10156514467.0,12933724353.0,1564948300.0,1992869700.0
600569,20180516,8330022060.0,8330022060.0,2393684500.0,2393684500.0
600570,20180516,36660560568.0,36660560568.0,617805200.0,617805200.0
600571,20180516,4446266808.0,4607839064.0,424262100.0,439679300.0
600572,20180516,18704791107.0,19924881894.0,2503988100.0,2667320200.0
600573,20180516,2150000000.0,2150000000.0,250000000.0,250000000.0
600575,20180516,11562988770.0,14379166070.0,3125132100.0,3886261100.0
600576,20180516,3118731200.0,4213950000.0,479804800.0,648300000.0
600577,20180516,7527998170.0,7527998170.0,1955324200.0,1955324200.0
600578,20180516,18565884564.0,23478636060.0,5335024300.0,6746734500.0
600579,20180516,4319890720.0,4319890720.0,410636000.0,410636000.0
600580,20180516,10172429152.0,11847631936.0,1110527200.0,1293409600.0
600581,20180516,7204620130.0,7204620130.0,1532897900.0,1532897900.0
600582,20180516,17630388714.0,17630388714.0,4138588900.0,4138588900.0
600583,20180516,25864925580.0,25864925580.0,4421354800.0,4421354800.0
600584,20180516,19740628500.0,27264872200.0,984570000.0,1359844000.0
600585,20180516,142069436352.0,188231228352.0,3999702599.9999995,5299302600.0
600586,20180516,5658743048.0,5716544232.0,1443556900.0,1458302100.0
600587,20180516,6281976519.0,6328085517.0,403466700.0,406428100.0
600588,20180516,51573364042.0,52295825573.0,1873351400.0,1899594100.0
600589,20180516,3474053116.0,3907394686.0,627085400.0,705305900.0
600590,20180516,5411596608.0,7043103936.0,512461800.0,666960600.0
600592,20180516,3156473440.0,3156473440.0,399553600.0,399553600.0
600593,20180516,2841880000.0,2841880000.0,92000000.0,92000000.0
600594,20180516,8782474866.0,8782474866.0,791927400.0,791927400.0
600595,20180516,6792007560.0,7648773990.0,1741540400.0,1961224100.0
600596,20180516,11634432198.0,12094201398.0,679184600.0,706024600.0
600597,20180516,14385548500.0,14387728125.0,1224302000.0,1224487500.0
600598,20180516,19447818106.0,19447818106.0,1777679900.0,1777679900.0
600599,20180516,3004600000.0,3004600000.0,166000000.0,166000000.0
600600,20180516,36277975968.0,70426733364.0,695913600.0,1350982800.0
600601,20180516,6979754016.0,6979754016.0,2194891200.0,2194891200.0
600602,20180516,6447267158.0,10025046755.0,879572600.0,1367673500.0
600603,20180516,1937465757.0,6248799828.0,272498700.0,878874800.0
600604,20180516,4746416068.0,11651955856.0,763089400.0,1873304800.0
600605,20180516,1762241416.0,1762241416.0,147344600.0,147344600.0
600606,20180516,23401653858.0,88340800944.0,3223368300.0,12168154400.0
600608,20180516,2244518370.0,2318472870.0,318371400.0,328861400.0
600609,20180516,5343142119.0,5343142119.0,1092667100.0,1092667100.0
600610,20180516,1757689128.0,5013565128.0,375574600.0,1071274600.0000001
600611,20180516,7331953916.0,11087736401.0,1563316399.9999998,2364122900.0
600612,20180516,12059678088.0,19894169934.0,317109600.0,523117800.0
600613,20180516,3925630800.0,4374046404.0,479320000.0,534071600.00000006
600614,20180516,10107516798.0,13724218071.0,1290870600.0,1752773700.0
600615,20180516,1961505000.0,1974215250.0,186810000.0,188020500.0
600616,20180516,3911105920.0,3911105920.0,514619200.0,514619200.0
600617,20180516,5597121089.0,6757454851.0,898414299.9999999,1084663700.0
600618,20180516,7288444800.0,11240208000.0,749840000.0,1156400000.0
600619,20180516,5439338786.0,10231129367.0,460570600.0,866310700.0
600620,20180516,5603285136.0,5603285136.0,686677100.0,686677100.0
600621,20180516,7595197500.0,15054161067.0,535250000.0,1060899300.0
600622,20180516,8096684239.0,10746266258.0,668594900.0,887387800.0
600623,20180516,10231663064.0,23207042664.0,933545899.9999999,2117430899.9999998
600624,20180516,4505404960.0,4505404960.0,684712000.0,684712000.0
600626,20180516,4495836924.0,4495836924.0,710242800.0,710242800.0
600628,20180516,4770239721.0,5802472338.0,531799299.99999994,646875400.0
600629,20180516,5130512594.0,6128710858.0,361813300.0,432208100.0
600630,20180516,3887483640.0,3887483640.0,424861600.0,424861600.0
600633,20180516,13315575048.0,13435854648.0,1290268900.0,1301923900.0
600634,20180516,2590794450.0,2590794450.0,575732100.0,575732100.0
600635,20180516,10279864725.0,12547847475.0,2418791700.0,2952434700.0
600636,20180516,6877765638.0,7213642266.0,426131700.0,446941900.0
600637,20180516,29281764988.0,48282092044.0,1601847100.0,2641252300.0
600638,20180516,7693558440.0,7693558440.0,561164000.0,561164000.0
600639,20180516,10202943013.0,16286211179.0,703166300.0,1122412900.0
600640,20180516,7520740172.0,10153079684.0,589399700.0,795695900.0
600641,20180516,10326892947.0,10326892947.0,806158700.0,806158700.0
600642,20180516,25172771799.0,25172771799.0,4552038300.0,4552038300.0
600643,20180516,15458820762.0,17484324550.0,1434027900.0,1621922500.0
600644,20180516,2939667822.0,2939667822.0,538400700.0,538400700.0
600645,20180516,8262667138.0,8274050049.0,383774600.0,384303300.0
600647,20180516,2102459796.0,2102459796.0,139143600.0,139143600.0
600648,20180516,17789084148.0,21605693373.0,934791600.0,1135349100.0
600649,20180516,17962278124.0,18769450952.0,2420792200.0,2529575600.0
600650,20180516,5022602886.0,7093705886.0,390560100.0,551610100.0
600651,20180516,5438414400.0,5472967944.0,985220000.0000001,991479700.0000001
600652,20180516,5287667225.0,5287667225.0,832703500.0,832703500.0
600653,20180516,3911891872.0,4359891872.0,1746380299.9999998,1946380299.9999998
600654,20180516,2446339968.0,4156988040.0,755043200.0,1283021000.0
600655,20180516,14675057620.0,14675057620.0,1437321999.9999998,1437321999.9999998
600657,20180516,7407905544.0,7407905544.0,1524260400.0,1524260400.0
600658,20180516,7366681346.0,7366681346.0,798989300.0,798989300.0
600660,20180516,50815762431.0,63643625975.0,2002986300.0,2508617500.0
600661,20180516,7277458885.0,8049155792.0,259076500.0,286548800.0
600662,20180516,5224676512.0,5224676512.0,1053362200.0,1053362200.0
600663,20180516,43439674824.0,59739740424.0,2444551200.0,3361831200.0
600664,20180516,12538423349.0,12801115099.0,2492728300.0,2544953300.0
600665,20180516,3421925100.0,3421925100.0,864122500.0,864122500.0
600666,20180516,5841172890.0,9020847570.0,794717400.0,1227326200.0
600667,20180516,9565932629.0,16912707306.0,1191274300.0,2106190200.0000002
600668,20180516,5075236050.0,5075236050.0,344083800.0,344083800.0
600671,20180516,2332164780.0,2333283724.0,121720500.0,121778900.0
600673,20180516,24008956274.0,24120898003.0,2457416200.0,2468873900.0
600674,20180516,40279585575.0,40279585575.0,4402140500.0,4402140500.0
600675,20180516,9540673534.0,9540673534.0,1867059400.0,1867059400.0
600676,20180516,5502899116.0,5882979388.0,962045300.0,1028492900.0
600677,20180516,4160116719.0,5212699083.0,416428100.0,521791700.0
600678,20180516,3573657600.0,3573657600.0,348990000.0,348990000.0
600679,20180516,2975996264.0,6258214884.0,191259400.0,402198900.0
600680,20180516,1979600557.0,2939312557.0,257425300.0,382225300.0
600681,20180516,4364987147.0,13750078954.0,327455900.0,1031513800.0
600682,20180516,28642814720.0,37006511360.0,860661500.0,1111974500.0
600683,20180516,4066869024.0,4066869024.0,740777600.0,740777600.0
600684,20180516,5334129375.0,5334129375.0,853460700.0,853460700.0
600685,20180516,15689412320.0,26997972240.0,821435199.9999999,1413506400.0
600686,20180516,9149616580.0,9149616580.0,606738500.0,606738500.0
600687,20180516,10731467030.0,14812717235.0,1078539400.0,1488715300.0
600688,20180516,43020135245.0,63535785245.0,7328813500.0,10823813500.0
600689,20180516,1669678977.0,2204874561.0,152204100.0,200991300.0
600690,20180516,114570196733.0,114570196733.0,6097402700.0,6097402700.0
600691,20180516,3919850431.0,5779828901.0,1191443900.0,1756786900.0
600692,20180516,2259393030.0,3116629040.0,255010500.00000003,351764000.0
600693,20180516,5796219496.0,5802560632.0,897247600.0,898229200.0
600694,20180516,10726606924.0,10726606924.0,293718700.0,293718700.0
600695,20180516,2708192608.0,5255266219.0,366467200.0,711132100.0
600696,20180516,1740290216.0,1740290216.0,340565600.0,340565600.0
600697,20180516,3534453680.0,3624026918.0,155156000.0,159088100.0
600698,20180516,4391929364.0,5792031704.0,736900900.0,971817400.0
600699,20180516,25944068370.0,25944068370.0,949289000.0,949289000.0
600701,20180516,7153599770.0,9540258544.0,775878500.0,1034735199.9999999
600702,20180516,14267790000.0,14267790000.0,337300000.0,337300000.0
600703,20180516,89521426555.0,89521426555.0,4078424900.0,4078424900.0
600704,20180516,8507742744.0,27390500064.0,1337695400.0,4306682400.0
600705,20180516,41134336919.0,49459555158.0,7465396900.0,8976325800.0
600706,20180516,2723782197.0,2748293507.0,177908700.0,179509700.0
600707,20180516,5888301600.0,28707117600.0,736037700.0,3588389700.0
600708,20180516,7021121130.0,12171785600.0,988890300.0,1714336000.0
600710,20180516,3643215960.0,7435404086.0,640284000.0,1306749400.0
600711,20180516,16228046932.0,18175412824.0,1497052300.0,1676698600.0
600712,20180516,3701161360.0,3747229152.0,537959500.0,544655400.0
600713,20180516,4971737824.0,5770526048.0,897425600.0,1041611200.0
600714,20180516,2233366325.0,2233366325.0,288176300.0,288176300.0
600715,20180516,4386447360.0,18140467230.0,448512000.0,1854853500.0000002
600716,20180516,4296242176.0,4418206032.0,910220800.0,936060600.0
600717,20180516,15357632647.0,15357632647.0,1674769100.0,1674769100.0
600718,20180516,18029999790.0,18118245240.0,1236625500.0,1242678000.0
600719,20180516,2136285888.0,2136285888.0,404599600.0,404599600.0
600720,20180516,6356772513.0,6357817557.0,776162700.0,776290300.0
600721,20180516,2907530486.0,3847713304.0,302552600.0,400386400.0
600722,20180516,4197572549.0,4197572549.0,680319700.0,680319700.0
600723,20180516,5073716616.0,5076322596.0,658069600.0,658407600.0
600724,20180516,4753861483.0,4754843219.0,1444942700.0,1445241100.0
600725,20180516,3241396100.0,3241396100.0,1232470000.0,1232470000.0
600726,20180516,4557985344.0,5841025344.0,1534675200.0,1966675199.9999998
600727,20180516,3484701138.0,3485296938.0,350926600.0,350986600.0
600728,20180516,11551879442.0,13553308362.0,1378505899.9999998,1617339899.9999998
600729,20180516,15188158305.0,15191970045.0,406426500.0,406528500.0
600730,20180516,3455403840.0,3455403840.0,586656000.0,586656000.0
600731,20180516,1943585945.0,2113575065.0,326653100.0,355222700.0
600732,20180516,1757291904.0,2571166656.0,305085400.0,446383100.0
600733,20180516,3983364000.0,10410806340.0,75600000.0,197586000.0
600734,20180516,3334029600.0,5861048520.0,354684000.0,623515800.0
600735,20180516,3643365387.0,3643365387.0,375992300.0,375992300.0
600736,20180516,7380401832.0,7739018640.0,1138950900.0,1194293000.0
600737,20180516,16415009600.0,16415009600.0,2051876200.0,2051876200.0
600738,20180516,2816719290.0,5990679810.0,368198600.0,783095400.0
600739,20180516,26249820168.0,26249820168.0,1529709800.0,1529709800.0
600740,20180516,8197273344.0,17873464128.0,656832800.0,1432168600.0
600741,20180516,71290081317.0,78408245880.0,2866509100.0,3152724000.0
600742,20180516,6497998848.0,6497998848.0,423046800.0,423046800.0
600743,20180516,7202529763.0,7202529763.0,2346100900.0,2346100900.0
600744,20180516,2764298896.0,5948955162.0,827634400.0,1781124300.0
600745,20180516,14741272200.0,19436625200.0,483320400.0,637266400.0
600746,20180516,1968109414.0,1979482244.0,304660900.0,306421400.0
600747,20180516,2181873220.0,3001873220.0,1064328400.0000001,1464328400.0000002
600748,20180516,8041861791.0,10532454159.0,1408382100.0,1844562900.0
600749,20180516,2165628955.0,2598754975.0,189137900.0,226965500.0
600750,20180516,7590000000.0,7590000000.0,300000000.0,300000000.0
600751,20180516,12792973776.0,18816702322.0,1971182400.0,2899337800.0
600753,20180516,3699200000.0,3699200000.0,128000000.0,128000000.0
600754,20180516,23417974147.0,34591083404.0,648517700.0,957936400.0
600755,20180516,15329339900.0,15329339900.0,1816272500.0,1816272500.0
600756,20180516,6109262380.0,6109262380.0,324098800.0,324098800.0
600757,20180516,7948406005.0,7949409465.0,1213497100.0,1213650300.0
600758,20180516,3895726464.0,7668915264.0,676341400.0,1331408900.0
600759,20180516,8897244960.0,8918219550.0,2258184000.0,2263507500.0
600760,20180516,13159655565.0,53303878145.0,344945100.0,1397218300.0
600761,20180516,7364798960.0,7364798960.0,740180800.0,740180800.0
600763,20180516,15365068800.0,15365068800.0,320640000.0,320640000.0
600764,20180516,10475426790.0,12573533475.0,329727000.0,395767500.0
600765,20180516,7632211392.0,7632211392.0,778003200.0,778003200.0
600766,20180516,1930294702.0,1932835878.0,223932100.00000003,224226900.00000003
600767,20180516,2014779282.0,2015370282.0,340910200.0,341010200.0
600768,20180516,1643753088.0,1643753088.0,133747200.00000001,133747200.00000001
600769,20180516,2096122548.0,2096122548.0,374977200.0,374977200.0
600770,20180516,9347000000.0,9347000000.0,1300000000.0,1300000000.0
600771,20180516,15006309836.0,19749515009.0,268305200.0,353111300.0
600773,20180516,7197339219.0,8090052096.0,729213700.0,819660800.0000001
600774,20180516,2858891310.0,2861290806.0,174429000.0,174575400.0
600775,20180516,4938012975.0,6716712975.0,671838500.0,913838500.0
600776,20180516,6204440649.0,8151440649.0,956000100.0,1256000100.0
600777,20180516,6606971630.0,18905378602.0,2376608500.0,6800495900.000001
600778,20180516,1580320436.0,1582375804.0,311086700.0,311491300.0
600779,20180516,24319804946.0,24319804946.0,488545700.0,488545700.0
600780,20180516,4712125275.0,4712125275.0,1146502500.0,1146502500.0
600781,20180516,3598032154.0,12706210950.0,177592900.0,627157500.0
600782,20180516,15885308340.0,18175719390.0,2786896200.0,3188722700.0
600783,20180516,8567575543.0,8567575543.0,744359300.0,744359300.0
600784,20180516,3102250788.0,3102250788.0,568177800.0,568177800.0
600785,20180516,5103780006.0,5103780006.0,225631300.0,225631300.0
600787,20180516,16347891636.0,19336250790.0,1859828400.0000002,2199801000.0
600789,20180516,6414777765.0,7468410794.0,581575500.0,677099800.0
600790,20180516,5978332885.0,5978332885.0,1046993500.0,1046993500.0
600791,20180516,2483202213.0,2486311200.0,452313700.0,452880000.0
600792,20180516,3623120376.0,3623120376.0,989923600.0,989923600.0
600793,20180516,2149173000.0,2149173000.0,105300000.0,105300000.0
600794,20180516,5302505190.0,5394077290.0,1191574200.0,1212152200.0
600795,20180516,57182657598.0,57182657598.0,19650397800.0,19650397800.0
600796,20180516,1841566831.0,1841566831.0,301402100.0,301402100.0
600797,20180516,10440001748.0,13125930840.0,839903600.0,1055988000.0
600798,20180516,4803765194.0,4803765194.0,1030850900.0,1030850900.0
600800,20180516,3134204280.0,3135820230.0,610956000.0,611271000.0
600801,20180516,14124639276.0,21744735276.0,972771300.0,1497571300.0
600802,20180516,3089358233.0,3089358233.0,381873700.0,381873700.0
600803,20180516,16288964350.0,16288964350.0,1229355800.0,1229355800.0
600804,20180516,21943723028.0,21945233580.0,1432357900.0,1432456500.0
600805,20180516,4889083550.0,4892643375.0,850275400.0,850894500.0
600806,20180516,2512799772.0,3420162284.0,390186300.0,531081099.99999994
600807,20180516,7484545935.0,8412876948.0,787018500.0,884634800.0
600808,20180516,22379067000.0,28877554500.0,5967751200.0,7700681200.0
600809,20180516,54063567852.0,54063567852.0,865848300.0,865848300.0
600810,20180516,5785022400.0,5785022400.0,442280000.0,442280000.0
600811,20180516,14370547787.0,16306989079.0,3273473300.0000005,3714576100.0000005
600812,20180516,7925710842.0,7925710842.0,1630804700.0,1630804700.0
600814,20180516,5069540012.0,5069540012.0,715026800.0,715026800.0
600815,20180516,3893418200.0,3893418200.0,958970000.0000001,958970000.0000001
600816,20180516,27483631665.0,50151994543.0,2997124500.0,5469137900.0
600817,20180516,1376203244.0,1422445284.0,155679100.0,160910100.0
600818,20180516,4140467460.0,5593193460.0,237957900.00000003,321447900.0
600819,20180516,3542752314.0,4431502314.0,747416100.0,934916100.0
600820,20180516,22763255764.0,22763255764.0,3144096100.0,3144096100.0
600821,20180516,2580862840.0,2580862840.0,416268200.0,416268200.0
600822,20180516,4512124581.0,5649131331.0,396147900.0,495972900.0
600823,20180516,18230677938.0,18230677938.0,3751168299.9999995,3751168299.9999995
600824,20180516,4479615175.0,4479615175.0,1054027100.0,1054027100.0
600825,20180516,5851372240.0,5851372240.0,1044887900.0000001,1044887900.0000001
600826,20180516,5922643584.0,5922643584.0,420642300.0,420642300.0
600827,20180516,17016836928.0,19679375246.0,1542777600.0,1784168200.0
600828,20180516,4112470314.0,11119327650.0,640571700.0,1731982500.0
600829,20180516,6083031414.0,6083031414.0,579888600.0,579888600.0
600830,20180516,3107567268.0,3107567268.0,454322700.0,454322700.0
600831,20180516,4479336075.0,4809493215.0,563438500.0,604967700.0
600833,20180516,3009434187.0,3009434187.0,223086300.0,223086300.0
600834,20180516,4019555598.0,4019555598.0,477381900.0,477381900.0
600835,20180516,17243061934.0,21866166234.0,806504300.0,1022739300.0
600836,20180516,3141045921.0,3187842411.0,653024100.0,662753100.0
600837,20180516,92978587488.0,132154533000.0,8092131200.0,11501700000.0
600838,20180516,3455602840.0,3455602840.0,400882000.00000006,400882000.00000006
600839,20180516,14119729236.0,14125707558.0,4614290600.0,4616244300.0
600841,20180516,7416092425.0,12315662058.0,521892499.99999994,866689800.0
600843,20180516,3238385917.0,5831507448.0,304645900.0,548589600.0
600844,20180516,4664882502.0,5763692214.0,822730600.0,1016524200.0
600845,20180516,14381930655.0,21713474295.0,523931900.0,791019100.0
600846,20180516,5635348730.0,5635348730.0,624761500.0,624761500.0
600847,20180516,1911493878.0,1911493878.0,153287400.0,153287400.0
600848,20180516,9677185770.0,27124445446.0,399553500.0,1119919300.0
600850,20180516,8119934451.0,8119934451.0,422693100.0,422693100.0
600851,20180516,7441117488.0,12167131536.0,738206100.0,1207056700.0
600853,20180516,2442475035.0,2930963035.0,536807700.0,644167700.0
600854,20180516,2467427875.0,2467427875.0,519458500.0,519458500.0
600855,20180516,4430135248.0,4724258704.0,330114400.0,352031200.0
600856,20180516,13328391600.0,16058189200.0,1134331200.0,1366654400.0
600857,20180516,2631272427.0,2631272427.0,224319900.0,224319900.0
600858,20180516,3747047520.0,3765282184.0,517548000.0,520066600.0
600859,20180516,7306684308.0,18583434576.0,305208200.0,776250400.0
600860,20180516,1870820000.0,2451820000.0,322000000.0,422000000.0
600861,20180516,2746698483.0,2746698483.0,316804900.0,316804900.0
600862,20180516,6309814728.0,11116531818.0,790703600.0,1393049100.0
600863,20180516,15274369350.0,15274369350.0,5807745000.0,5807745000.0
600864,20180516,8996409180.0,12018528660.0,1578317400.0,2108513800.0
600865,20180516,2727742175.0,2727742175.0,376240300.0,376240300.0
600866,20180516,2659021220.0,2659021220.0,645393500.0,645393500.0
600867,20180516,49546498133.0,51561363545.0,1644424100.0,1711296500.0
600868,20180516,7953243053.0,7953243053.0,1898148699.9999998,1898148699.9999998
600869,20180516,11435506950.0,11651602200.0,2178191800.0,2219352800.0
600870,20180516,2516590557.0,2516590557.0,523199700.00000006,523199700.00000006
600871,20180516,24687455050.0,38917897000.0,12042661000.000002,18984340000.0
600872,20180516,21692430956.0,21692430956.0,796637200.0,796637200.0
600873,20180516,10267218690.0,15478968468.0,2061690499.9999998,3108226599.9999995
600874,20180516,13470759876.0,17683359876.0,1087228400.0,1427228400.0
600875,20180516,17992072604.0,21055472604.0,1996900400.0,2336900400.0
600876,20180516,4525949701.0,9678897046.0,261766900.0,559797400.0
600877,20180516,3910634580.0,3910634580.0,687282000.0,687282000.0
600879,20180516,19427326625.0,21890133160.0,2413332500.0,2719271199.9999995
600880,20180516,3462745495.0,5171460833.0,732081499.9999999,1093332100.0
600881,20180516,11543758908.0,14425176384.0,2599945700.0,3248913599.9999995
600882,20180516,3305690640.0,3399751440.0,399238000.00000006,410598000.00000006
600883,20180516,1938282480.0,1938282480.0,236087999.99999997,236087999.99999997
600884,20180516,18348929445.0,25071342450.0,821716500.0000001,1122765000.0
600885,20180516,21747035800.0,21747035800.0,531972499.99999994,531972499.99999994
600886,20180516,49470109857.0,49470109857.0,6786023300.0,6786023300.0
600887,20180516,166339988844.0,167584040982.0,6033369200.0,6078492600.0
600888,20180516,5293319360.0,5293319360.0,833593600.0,833593600.0
600889,20180516,2023586687.0,2414220140.0,307069300.0,366346000.0
600890,20180516,6023626960.0,6023626960.0,579194900.0,579194900.0
600891,20180516,2346576661.0,3773449849.0,384055100.0,617585900.0
600892,20180516,2626677900.0,5840806248.0,251597500.0,559464200.0
600893,20180516,50757755196.0,58630947670.0,1947726600.0,2249844500.0
600894,20180516,6492599095.0,6492599095.0,859946900.0,859946900.0
600895,20180516,21062178560.0,21062178560.0,1548689600.0,1548689600.0
600896,20180516,2954896896.0,4449787392.0,577128300.0,869099100.0
600897,20180516,6310593900.0,6310593900.0,297810000.0,297810000.0
600898,20180516,3143921310.0,3143921310.0,252523800.0,252523800.0
600900,20180516,192149223050.0,367400000000.0,11505941500.0,22000000000.0
600901,20180516,6323197036.0,29508102000.0,639999700.0,2986650000.0
600903,20180516,3351142032.0,22340945964.0,121948400.0,812989300.0
600908,20180516,5509664610.0,12659586380.0,804330600.0,1848114800.0
600909,20180516,18184460000.0,24369330000.0,2702000000.0,3621000000.0
600917,20180516,11810040000.0,11810040000.0,1556000000.0,1556000000.0
600919,20180516,42837938753.0,83004595500.0,5957988700.0,11544450000.0
600926,20180516,17099903360.0,42507375240.0,1474129600.0,3664428900.0
600929,20180516,3117000000.0,19070867858.0,150000000.0,917751100.0
600933,20180516,1909094400.0,11675526400.0,138240000.0,845440000.0
600936,20180516,6864944142.0,9591690388.0,1195983300.0,1671026200.0
600939,20180516,2522985696.0,11177320000.0,409575600.0,1814500000.0
600958,20180516,61296891920.0,82944757788.0,5168372000.0,6993655800.0
600959,20180516,23812167674.0,23812167674.0,3884529800.0,3884529800.0
600960,20180516,4373226898.0,6111815308.0,680128600.0,950515600.0
600961,20180516,4003405461.0,4003405461.0,527457900.0,527457900.0
600962,20180516,2911069200.0,3004926600.0,254019999.99999997,262209999.99999997
600963,20180516,6404996874.0,8582081234.0,1043159100.0,1397733100.0
600965,20180516,5485954287.0,8506303390.0,528003300.0,818701000.0
600966,20180516,6817905930.0,6817905930.0,1336844300.0,1336844300.0
600967,20180516,12774626060.0,22472102940.0,960498200.0,1689631800.0
600969,20180516,2785951772.0,2785951772.0,264321800.00000003,264321800.00000003
600970,20180516,13802327740.0,14384914780.0,1683210700.0000002,1754257900.0000002
600971,20180516,7520030832.0,7520030832.0,1000004100.0,1000004100.0
600973,20180516,4197743697.0,5731708094.0,895041299.9999999,1222112600.0
600975,20180516,2334227094.0,3250324488.0,468720299.99999994,652675600.0
600976,20180516,4200381640.0,4203121640.0,153298600.0,153398600.0
600977,20180516,9661500000.0,31925700000.0,565000000.0,1866999999.9999998
600978,20180516,11685015600.0,11685015600.0,1482870000.0,1482870000.0
600979,20180516,3316661502.0,4379261502.0,717892100.0,947892100.0
600980,20180516,2112623766.0,2243573926.0,143325900.0,152209900.0
600981,20180516,1240714098.0,11503682316.0,241854600.0,2242433200.0
600982,20180516,2838334000.0,2838334000.0,746930000.0,746930000.0
600983,20180516,3143520000.0,4521990100.0,532799999.99999994,766439000.0
600984,20180516,3561659029.0,4209011362.0,538828900.0,636764200.0
600985,20180516,3506481698.0,4004085042.0,262854700.0,300156300.0
600986,20180516,6478766400.0,11274143620.0,549048000.0,955435900.0
600987,20180516,7350536700.0,7350536700.0,635310000.0,635310000.0
600988,20180516,8201693625.0,8201693625.0,1426381500.0,1426381500.0
600990,20180516,7569189740.0,8813746767.0,136702000.0,159179100.0
600992,20180516,2308747800.0,2308747800.0,245090000.0,245090000.0
600993,20180516,8794029972.0,8810741716.0,430236300.0,431053900.0
600995,20180516,3938272272.0,3938272272.0,478526400.0,478526400.0
600996,20180516,2696785065.0,9435244020.0,297987300.0,1042568399.9999999
600997,20180516,6889291200.0,8859923442.0,1234640000.0,1587799900.0
600998,20180516,31096769956.0,35187397124.0,1659379400.0000002,1877662600.0000002
600999,20180516,82529262585.0,112751058519.0,4903699500.000001,6699409300.000001
601000,20180516,19323463530.0,20695165964.0,4256269500.0,4558406600.0
601001,20180516,9171876000.0,9171876000.0,1673699999.9999998,1673699999.9999998
601002,20180516,6095786100.0,6095786100.0,792690000.0,792690000.0
601003,20180516,18734018292.0,18734018292.0,2562793200.0,2562793200.0
601005,20180516,18185630967.0,19353366991.0,8380475100.0,8918602300.0
601006,20180516,127854406900.0,127854406900.0,14866791500.0,14866791500.0
601007,20180516,3117000000.0,3117000000.0,300000000.0,300000000.0
601008,20180516,4294359873.0,4294359873.0,1015215099.9999999,1015215099.9999999
601009,20180516,69962592744.0,73540742493.0,8069503200.0,8482207900.0
601010,20180516,6745200000.0,6745200000.0,1848000000.0,1848000000.0
601011,20180516,9777625000.0,11519726790.0,1367500000.0,1611150600.0
601012,20180516,76649233160.0,77366796480.0,1975495700.0000002,1993989600.0000002
601015,20180516,7579455000.0,10367968334.0,916500000.0,1253684200.0
601016,20180516,13256236400.0,13256236400.0,4155560000.0,4155560000.0
601018,20180516,65408000000.0,67313252258.0,12800000000.0,13172847800.0
601019,20180516,2655655000.0,20764655000.0,266900000.00000003,2086900000.0000002
601020,20180516,4714546956.0,8772283884.0,282646700.0,525916300.0
601021,20180516,28640000000.0,32824937660.0,800000000.0000001,916897700.0000001
601028,20180516,5293254408.0,5293254408.0,783025800.0,783025800.0
601038,20180516,3783206700.0,6279864500.0,593910000.0,985850000.0
601058,20180516,7111205320.0,8374528170.0,2293937200.0,2701460700.0
601069,20180516,12147600000.0,12147600000.0,636000000.0,636000000.0
601086,20180516,1451200000.0,6040620000.0,160000000.0,666000000.0
601088,20180516,348950364080.0,420864369780.0,16491038000.0,19889620500.0
601098,20180516,23832920000.0,23832920000.0,1796000000.0,1796000000.0
601099,20180516,18075897756.0,19017522756.0,6478816400.0,6816316400.0
601100,20180516,19832400000.0,19832400000.0,630000000.0,630000000.0
601101,20180516,8147988457.0,8147988457.0,1199998300.0,1199998300.0
601106,20180516,23667560000.0,24825174098.0,6538000000.0,6857782900.0
601107,20180516,8391431200.0,11865272800.0,2162740000.0,3058060000.0
601108,20180516,4900350000.0,48989850000.0,359000000.0,3589000000.0
601111,20180516,113100376410.0,173862037944.0,9448653000.0,14524815200.0
601113,20180516,9011200000.0,15682705280.0,640000000.0,1113828500.0
601116,20180516,7720366451.0,7890676548.0,401893100.0,410758800.0
601117,20180516,38674720000.0,38674720000.0,4933000000.0,4933000000.0
601118,20180516,22093184392.0,24050384236.0,3931171600.0,4279427800.0
601126,20180516,5188037360.0,5188037360.0,813172000.0,813172000.0
601127,20180516,3263400000.0,16483796000.0,180000000.0,909200000.0
601128,20180516,6889254107.0,15359050480.0,996997700.0,2222728000.0
601137,20180516,5605450284.0,6234563818.0,563928600.0,627219700.0
601139,20180516,15922513278.0,16140732138.0,2184158200.0,2214092200.0
601155,20180516,24669741618.0,77405704218.0,719444200.0,2257384200.0
601158,20180516,30480000000.0,30480000000.0,4800000000.0,4800000000.0
601163,20180516,4683394760.0,13360001670.0,280442800.0,800000100.0
601166,20180516,308076286056.0,335918665236.0,19052336799.999996,20774190799.999996
601168,20180516,17109940000.0,17109940000.0,2383000000.0,2383000000.0
601169,20180516,124268953548.0,143983723083.0,18248010800.0,21142984300.0
601177,20180516,2932439800.0,2932439800.0,400060000.0,400060000.0
601179,20180516,19785906064.0,19785906064.0,5125882400.0,5125882400.0
601186,20180516,111236383985.0,131314166305.0,11503245500.0,13579541500.0
601188,20180516,5197720470.0,5197720470.0,1315878600.0,1315878600.0
601198,20180516,40238646613.0,40238646613.0,2757960700.0,2757960700.0
601199,20180516,4573159785.0,4573159785.0,935206500.0000001,935206500.0000001
601200,20180516,5840906787.0,13186749003.0,311183100.0,702543900.0
601208,20180516,3220729140.0,3220729140.0,626601000.0,626601000.0
601211,20180516,82822181750.0,152493943000.0,4732696100.0,8713939600.0
601212,20180516,10805713050.0,38351312450.0,1964675100.0,6972965900.0
601216,20180516,37042896386.0,37042896386.0,8438017400.000001,8438017400.000001
601218,20180516,3054620800.0,3054620800.0,991760000.0,991760000.0
601222,20180516,11975751565.0,12094988830.0,1748284900.0,1765691800.0
601225,20180516,84700000000.0,84700000000.0,10000000000.0,10000000000.0
601226,20180516,5544000000.0,5544000000.0,1155000000.0,1155000000.0
601228,20180516,8543625600.0,36663625600.0,1443180000.0,6193180000.0
601229,20180516,57870817193.0,121848303850.0,3707291300.0,7805785000.0
601231,20180516,21693958292.0,21693958292.0,2175923600.0,2175923600.0
601233,20180516,28985128766.0,31300808940.0,1687143700.0,1821933000.0
601238,20180516,79767773169.0,134443879084.0,4328148300.0,7294838800.0
601258,20180516,14646191616.0,14951246016.0,6538478399.999999,6674663399.999999
601288,20180516,1132112881515.0,1250457350450.0,294055293900.0,324794117000.0
601311,20180516,10350450720.0,10350450720.0,848397600.0,848397600.0
601318,20180516,680399657245.0,1148181962334.0,10832664500.0,18280241400.0
601326,20180516,2923920000.0,29278038880.0,558000000.0,5587412000.0
601328,20180516,241000304960.0,455973141324.0,39250864000.0,74262726600.0
601333,20180516,25717678350.0,32230093350.0,5652237000.0,7083537000.0
601336,20180516,93677933356.0,140130033272.0,2085439300.0,3119546600.0
601339,20180516,7695000000.0,7695000000.0,1500000000.0,1500000000.0
601360,20180516,15049241136.0,256290047739.0,397182400.0,6764055100.0
601366,20180516,4863719740.0,8863154120.0,472205799.99999994,860500400.0
601368,20180516,2350679573.0,5879129091.0,294202700.0,735810900.0
601369,20180516,12028573268.0,12028573268.0,1638770200.0,1638770200.0
601375,20180516,7048981930.0,23150034730.0,1194742700.0,3923734700.0
601377,20180516,42523865295.0,42523865295.0,6696671700.0,6696671700.0
601388,20180516,6683820000.0,6683820000.0,2025400000.0,2025400000.0
601390,20180516,136910393064.0,170646932205.0,18328031200.0,22844301500.0
601398,20180516,1617673275000.0,2138437542600.0,269612212500.0,356406257100.0
601500,20180516,1644239540.0,6833039540.0,174919100.0,726919100.0
601515,20180516,9596560000.0,9596560000.0,1112000000.0,1112000000.0
601518,20180516,4185540000.0,4185540000.0,1213200000.0,1213200000.0
601519,20180516,9262682000.0,9262682000.0,1987700000.0,1987700000.0
601555,20180516,22636530000.0,23490000000.0,2891000000.0,3000000000.0
601558,20180516,7362288000.0,7779474000.0,5707200000.0,6030600000.0
601566,20180516,10044658256.0,10044658256.0,574637200.0,574637200.0
601567,20180516,12895359750.0,12985320530.0,1417072500.0,1426958300.0
601579,20180516,4396000000.0,5465986400.0,400000000.0,497360000.0
601588,20180516,10879400000.0,13771111800.0,2660000000.0,3367020000.0
601595,20180516,1960777597.0,6906015000.0,106045300.00000001,373500000.00000006
601599,20180516,4801106200.0,4917376200.0,872928400.0,894068400.0
601600,20180516,48552057089.0,66023826026.0,10959832300.0,14903798200.000002
601601,20180516,216828283000.0,312548380000.0,6286700000.0,9062000000.0
601607,20180516,49380970800.0,72984853224.0,1922935000.0,2842089300.0
601608,20180516,14276049468.0,14406872076.0,4300014900.0,4339419300.0
601611,20180516,8829324000.0,24097500000.0,961800000.0,2625000000.0
601616,20180516,3162243500.0,3162243500.0,935575000.0,935575000.0
601618,20180516,67482900576.0,78335280576.0,17852619200.0,20723619200.0
601619,20180516,1712416732.0,17087720000.0,193712300.0,1933000000.0
601628,20180516,518089426400.0,703225860400.0,20823530000.0,28264705000.0
601633,20180516,67209178350.0,101769049350.0,6027729000.0,9127269000.0
601636,20180516,14101880532.0,14910383700.0,2545465800.0,2691405000.0
601666,20180516,10554407550.0,10554407550.0,2361165000.0,2361165000.0
601668,20180516,249448990687.0,251700000000.0,29731703299.999996,29999999999.999996
601669,20180516,69206733315.0,95007007350.0,11144401500.0,15299035000.0
601677,20180516,5666478678.0,6714022472.0,497933099.99999994,589984400.0
601678,20180516,11274120000.0,11274120000.0,1544400000.0,1544400000.0
601688,20180516,99239070290.0,130577275224.0,5443723000.0,7162768800.0
601689,20180516,3552267000.0,15140894018.0,170700000.0,727577800.0
601699,20180516,31708937520.0,31708937520.0,2991409200.0,2991409200.0
601700,20180516,5057501040.0,5065547040.0,1131432000.0,1133232000.0
601717,20180516,9358521274.0,10931894534.0,1483125400.0,1732471400.0
601718,20180516,20991988532.0,20991988532.0,4391629400.0,4391629400.0
601727,20180516,60783252762.0,90854364919.0,9851418600.0,14725180700.0
601766,20180516,219093138388.0,274361140796.0,22917692300.0,28698864100.0
601777,20180516,7493998404.0,7919446764.0,1236633400.0,1306839400.0
601788,20180516,49146270904.0,58003708008.0,3906698800.0,4610787600.0
601789,20180516,3904320000.0,3904320000.0,976080000.0,976080000.0
601798,20180516,1985357920.0,1985357920.0,354528200.0,354528200.0
601799,20180516,15713230880.0,15713230880.0,276155200.0,276155200.0
601800,20180516,151304391952.0,208330591952.0,11747235400.0,16174735399.999998
601801,20180516,17743705924.0,17743705924.0,1989204700.0,1989204700.0
601808,20180516,31795426320.0,51246898080.0,2960468000.0,4771592000.0
601811,20180516,2327413536.0,14423601290.0,199094400.0,1233841000.0
601818,20180516,161232335055.0,212581213830.0,39810453100.0,52489188600.0
601828,20180516,5238450000.0,65504191373.0,315000000.0,3938917100.0
601838,20180516,3854271817.0,38542721371.0,361225100.0,3612251300.0
601857,20180516,1277565193842.0,1444035514842.0,161922077800.0,183020977800.0
601858,20180516,1256715000.0,7612515000.0,130499999.99999999,790499999.9999999
601866,20180516,23479090000.0,34582050000.0,7932125000.0,11683125000.0
601872,20180516,18600431892.0,20879864914.0,4720921800.0,5299458100.0
601877,20180516,50733855746.0,64177115138.0,1700766200.0,2151428600.0
601878,20180516,3930000786.0,39300000786.0,333333400.0,3333333400.0000005
601880,20180516,18952759000.0,31591613200.0,7735819999.999999,12894536000.0
601881,20180516,12445018017.0,102690430631.0,1228530900.0,10137258700.0
601882,20180516,1508761200.0,6253560000.0,125940000.0,522000000.0
601886,20180516,7982098496.0,9786344000.0,941285200.0,1154050000.0
601888,20180516,121209679040.0,121209679040.0,1952475500.0,1952475500.0
601890,20180516,5487768000.0,5487768000.0,959400000.0,959400000.0
601898,20180516,47498882076.0,68812463046.0,9152000400.0,13258663399.999998
601899,20180516,62583062652.0,91203626844.0,15803803700.0,23031218900.0
601900,20180516,1877164000.0,9576920854.0,175600000.0,895876600.0
601901,20180516,50545102596.0,50545102596.0,8232101400.0,8232101400.0
601908,20180516,10622784341.0,10634936741.0,1993017700.0,1995297700.0
601918,20180516,9792248004.0,9792248004.0,2590541800.0,2590541800.0
601919,20180516,44210554776.0,59152228776.0,7635674400.0,10216274400.0
601928,20180516,17687055000.0,17687055000.0,2544900000.0,2544900000.0
601929,20180516,8430271252.0,8430271252.0,3110801200.0,3110801200.0
601933,20180516,76144275792.0,89579525256.0,8135072200.000001,9570462100.0
601939,20180516,73199607488.0,1907583758325.0,9593657600.0,250010977500.0
601949,20180516,2307285000.0,11536425000.0,364500000.0,1822500000.0
601952,20180516,3630207817.0,12221800000.0,314848900.0,1060000000.0
601958,20180516,23005689372.0,23005689372.0,3226604400.0,3226604400.0
601965,20180516,8583336507.0,8663282332.0,961179900.0,970132400.0
601966,20180516,6550984000.0,19932000000.0,394400000.0,1200000000.0
601968,20180516,1384933186.0,3683333186.0,313333300.0,833333300.0
601969,20180516,13370286852.0,13370286852.0,1954720300.0,1954720300.0
601985,20180516,27788800500.0,102264875100.0,4229650000.0,15565430000.0
601988,20180516,811447231980.0,1133392996120.0,210765514800.0,294387791200.0
601989,20180516,92726408755.0,115542956165.0,18361665100.0,22879793300.0
601991,20180516,33780936800.0,62552681490.0,9994360000.0,18506710500.0
601992,20180516,34373921380.0,45060194042.0,8145479000.000001,10677771100.0
601996,20180516,4087468040.0,4148936720.0,943988000.0,958184000.0
601997,20180516,17023380474.0,31582652706.0,1238965100.0,2298591900.0
601998,20180516,209616928137.0,321501613005.0,31905164100.0,48934796500.0
601999,20180516,3850893753.0,3850893753.0,550914700.0,550914700.0
603000,20180516,11886179325.0,11886179325.0,1105691100.0,1105691100.0
603001,20180516,4929328500.0,5794161000.0,341130000.0,400980000.0
603002,20180516,3343137768.0,3391552584.0,605640900.0,614411700.0
603003,20180516,4719926220.0,4719926220.0,441114600.0,441114600.0
603005,20180516,5099682877.0,6913724970.0,171648700.0,232707000.0
603006,20180516,1002937537.0,2733429916.0,70579700.0,192359600.0
603007,20180516,2660815780.0,4563903750.0,194362000.0,333375000.0
603008,20180516,6763050000.0,8477596966.0,315000000.0,394857800.0
603009,20180516,4082066723.0,4571528858.0,320665100.0,359114600.0
603010,20180516,5918000000.0,6843144800.0,220000000.0,254392000.0
603011,20180516,3335078230.0,3609748292.0,412247000.0,446198800.0
603012,20180516,4263341934.0,4334973600.0,626041400.0,636560000.0
603013,20180516,1623600000.0,13800600000.0,60000000.0,510000000.0
603015,20180516,3433716000.0,3493776000.0,400200000.0,407200000.0
603016,20180516,1610715600.0,3405225600.0,70460000.0,148960000.0
603017,20180516,3369794257.0,3581518997.0,259015700.0,275289700.0
603018,20180516,5365651200.0,5469781506.0,307840000.0,313814200.0
603019,20180516,31881129920.0,31881129920.0,643024000.0,643024000.0
603020,20180516,2656460500.0,3616000000.0,235085000.0,320000000.0
603021,20180516,2157517001.0,2940323039.0,234767900.0,319948100.0
603022,20180516,673400000.0,2072000000.0,65000000.0,200000000.0
603023,20180516,903090870.0,2559600000.0,127017000.0,360000000.0
603025,20180516,14594550000.0,14827455510.0,447000000.0,454133400.0
603026,20180516,3710097192.0,5354805600.0,140427600.0,202680000.0
603027,20180516,2946169436.0,7210792624.0,133190300.0,325985200.0
603028,20180516,1125639138.0,2150592000.0,115568700.0,220800000.0
603029,20180516,696176030.0,1779060400.0,36525500.0,93340000.0
603030,20180516,4272628899.0,4325072829.0,532083300.00000006,538614300.0
603031,20180516,974216024.0,2211200000.0,35246600.0,80000000.0
603032,20180516,890400555.0,2708135400.0,43840500.0,133340000.00000001
603033,20180516,599053000.0,2393573000.0,31779999.999999996,126979999.99999999
603035,20180516,2070890514.0,4208400000.0,137783800.0,280000000.0
603036,20180516,951216400.0,3804865600.0,50840000.0,203360000.0
603037,20180516,1641740834.0,2829195317.0,61465400.0,105922700.0
603038,20180516,1026828600.0,2582570074.0,37380000.0,94014200.0
603039,20180516,3232363808.0,8305104695.0,39900800.0,102519500.0
603040,20180516,1395870000.0,3821121008.0,22312500.0,61079300.0
603041,20180516,923056000.0,1984000000.0,46525000.0,100000000.0
603042,20180516,916300000.0,3737156500.0,34000000.0,138670000.0
603043,20180516,1190000000.0,9615109560.0,50000000.0,403996200.0
603050,20180516,1358118195.0,2705735280.0,80314500.0,160008000.0
603055,20180516,1168804000.0,9468004000.0,67600000.0,547600000.0
603056,20180516,2672000000.0,25651200000.0,100000000.0,960000000.0
603058,20180516,3550987620.0,6594050700.0,228066000.0,423510000.0
603059,20180516,919600000.0,3678400000.0,20000000.0,80000000.0
603060,20180516,1272082075.0,4384600000.0,63827500.0,220000000.0
603063,20180516,888000000.0,6216000000.0,60000000.0,420000000.0
603066,20180516,1536745143.0,3377156789.0,137577900.0,302341700.0
603067,20180516,1739711974.0,3443440000.0,155609300.0,308000000.0
603069,20180516,1724096000.0,3134720000.0,173800000.0,316000000.0
603076,20180516,710005500.0,2836215000.0,18650000.0,74500000.0
603077,20180516,16249500368.0,16249500368.0,8831250200.0,8831250200.0
603078,20180516,2179356488.0,3823684552.0,47876900.0,84000100.0
603079,20180516,907400000.0,3629600000.0,20000000.0,80000000.0
603080,20180516,1320955000.0,5265215000.0,35500000.0,141500000.0
603081,20180516,1608157147.0,8313244069.0,77726300.0,401800100.0
603083,20180516,921705793.0,3686823172.0,24467900.0,97871600.0
603085,20180516,2149860237.0,6095037942.0,78951900.0,223835400.0
603086,20180516,1663605012.0,2689600000.0,49482600.00000001,80000000.0
603088,20180516,1910005590.0,2107200000.0,72513500.0,80000000.0
603089,20180516,804301793.0,2727551900.0,31454900.0,106670000.0
603090,20180516,755858554.0,1858000000.0,40681300.00000001,100000000.00000001
603096,20180516,4822623000.0,12341589000.0,52620000.0,134660000.0
603098,20180516,1018287900.0,6516162900.0,62510000.0,400010000.0
603099,20180516,3272040900.0,3272040900.0,266670000.0,266670000.0
603100,20180516,2627631016.0,4013200000.0,258625100.0,395000000.0
603101,20180516,946800000.0,3156000000.0,72000000.0,240000000.0
603103,20180516,1769670000.0,15125670000.0,53000000.0,453000000.0
603106,20180516,1675100000.0,6700400000.0,70000000.0,280000000.0
603108,20180516,3458792723.0,9034936619.0,221859700.0,579534100.0
603110,20180516,656554186.0,2626214186.0,25666700.0,102666700.0
603111,20180516,7156315212.0,11641188860.0,610607100.0,993275500.0
603113,20180516,5299359012.0,11058370220.0,323921700.0,675939500.0
603116,20180516,2734077241.0,6312236000.0,180705700.0,417200000.0
603117,20180516,2445536184.0,4012945412.0,281743800.0,462320900.0
603118,20180516,3414675670.0,5527446190.0,482981000.0,781817000.0
603123,20180516,3663767958.0,3663767958.0,524144200.0,524144200.0
603126,20180516,5122095000.0,5122095000.0,610500000.0,610500000.0
603127,20180516,1750905000.0,7015491990.0,20500000.0,82139000.0
603128,20180516,7026023433.0,7450126632.0,948181300.0,1005415200.0
603129,20180516,795334924.0,3181334924.0,33333400.0,133333400.0
603131,20180516,906500000.0,3626000000.0,50000000.0,200000000.0
603133,20180516,2957415569.0,5493280000.0,111980900.0,208000000.0
603136,20180516,732000000.0,2928000000.0,20000000.0,80000000.0
603138,20180516,1437327320.0,4571568010.0,33748000.0,107338999.99999999
603139,20180516,1350403400.0,2514978400.0,53630000.0,99880000.0
603156,20180516,4161040800.0,52005760800.0,60269999.99999999,753269999.9999999
603157,20180516,957927300.0,9578776284.0,54770000.00000001,547671600.0
603158,20180516,3968760432.0,4029811650.0,215342400.0,218655000.0
603159,20180516,592500000.0,2370000000.0,25000000.0,100000000.0
603160,20180516,16699711680.0,33026478840.0,229644000.0,454159500.0
603161,20180516,815628000.0,3257628000.0,33399999.999999996,133399999.99999999
603165,20180516,1218729600.0,4945318500.0,31680000.0,128550000.0
603166,20180516,4416459502.0,4458981502.0,592018700.0,597718700.0
603167,20180516,5035444000.0,5035444000.0,481399999.99999994,481399999.99999994
603168,20180516,3600131500.0,3905851094.0,228725000.0,248148100.0
603169,20180516,6952317768.0,7129187628.0,1025415600.0,1051502600.0
603177,20180516,1070127500.0,3500660000.0,61750000.00000001,202000000.00000003
603178,20180516,658500000.0,2678093160.0,50000000.0,203348000.0
603179,20180516,2312499336.0,5629470840.0,93321200.0,227178000.0
603180,20180516,2477571880.0,9119250000.0,18338800.0,67500000.0
603181,20180516,1180000000.0,4720000000.0,50000000.0,200000000.0
603183,20180516,782760000.0,3131040000.0,22000000.0,88000000.0
603186,20180516,1482444848.0,2627773700.0,73716800.0,130670000.0
603188,20180516,6314112000.0,6531840000.0,556800000.0,576000000.0
603189,20180516,2152455000.0,4316640000.0,110100000.0,220800000.0
603196,20180516,658200000.0,2632800000.0,60000000.0,240000000.0
603197,20180516,1317307200.0,5367455467.0,29280000.0,119303300.0
603198,20180516,2933632000.0,14104000000.0,166400000.0,800000000.0
603199,20180516,2882107200.0,2882107200.0,110680000.0,110680000.0
603200,20180516,698497000.0,2793988000.0,18430000.0,73720000.0
603203,20180516,1428070816.0,4283255824.0,40604800.0,121787200.0
603208,20180516,1019088427.0,2672588427.0,30816100.0,80816100.0
603214,20180516,1674000000.0,6696000000.0,25000000.000000004,100000000.00000001
603218,20180516,2143558438.0,8898190000.0,96600200.0,401000000.0
603222,20180516,2609144736.0,3379200000.0,247078100.0,320000000.0
603223,20180516,1480460000.0,2698560000.0,79000000.0,144000000.0
603225,20180516,2560880000.0,18137056000.0,119000000.0,842800000.0
603226,20180516,592241100.0,2448986640.0,21670000.0,89608000.0
603227,20180516,3043194000.0,3043194000.0,658700000.0,658700000.0
603228,20180516,3948174720.0,19865520000.0,81088000.0,408000000.0
603229,20180516,1025080200.0,3038400000.0,53980000.00000001,160000000.0
603232,20180516,1356875625.0,2823690000.0,29312500.0,61000000.0
603233,20180516,2808301900.0,28076701900.0,40010000.0,400010000.0
603238,20180516,632700000.0,2530800000.0,30000000.0,120000000.0
603239,20180516,1482364800.0,4423564800.0,90720000.0,270720000.0
603258,20180516,1704378720.0,6124800000.0,66786000.0,240000000.0
603259,20180516,5740300874.0,57402986704.0,104198600.0,1041985599.9999999
603260,20180516,5201700000.0,49787700000.0,70000000.0,670000000.0
603266,20180516,605500000.0,2422000000.0,25000000.0,100000000.0
603268,20180516,1848074600.0,2420518720.0,68245000.0,89384000.0
603269,20180516,565346400.0,2261138400.0,22870000.0,91470000.0
603277,20180516,980760000.0,5955888000.0,66000000.0,400800000.0
603278,20180516,973960000.0,3895840000.0,52000000.0,208000000.0
603283,20180516,1246000000.0,4984000000.0,40000000.0,160000000.0
603286,20180516,592751480.0,2371005920.0,22019000.0,88076000.0
603288,20180516,194418562203.0,194729991003.0,2696886700.0,2701206700.0
603289,20180516,946101000.0,3784404000.0,66300000.0,265200000.0
603298,20180516,2625312384.0,9524164599.0,170585600.0,618854100.0
603299,20180516,2946624495.0,5902092000.0,279300900.0,559440000.0
603300,20180516,1852239240.0,3027278358.0,278114000.0,454546300.0
603301,20180516,1847750000.0,7391000000.0,25000000.0,100000000.0
603303,20180516,1177080000.0,4708320000.0,102000000.00000001,408000000.00000006
603305,20180516,1512992000.0,14569822000.0,41600000.0,400600000.0
603306,20180516,5401214700.0,5996330910.0,212730000.0,236169000.0
603308,20180516,6172154300.0,6692828849.0,400010000.0,433754300.0
603309,20180516,3680000000.0,3680000000.0,200000000.00000003,200000000.00000003
603311,20180516,1269535995.0,2866500000.0,93006300.0,210000000.0
603313,20180516,1826456460.0,5323200000.0,82347000.0,240000000.0
603315,20180516,2485901372.0,2736190440.0,199831300.0,219951000.0
603316,20180516,638299200.0,2553196800.0,50820000.0,203280000.0
603318,20180516,5096532000.0,5690595453.0,361200000.0,403302300.0
603319,20180516,1325768875.0,2326450000.0,46113700.0,80920000.0
603320,20180516,851500000.0,2620000000.0,32500000.0,100000000.0
603321,20180516,826980000.0,3297180000.0,77000000.0,307000000.0
603322,20180516,1398414887.0,3452960000.0,45358900.0,112000000.0
603323,20180516,4473059360.0,10672382028.0,606928000.0,1448084400.0
603326,20180516,721600000.0,2912018604.0,40000000.0,161420100.0
603328,20180516,11250555120.0,11374648680.0,986890800.0,997776200.0
603329,20180516,1119690000.0,4478760000.0,33000000.0,132000000.0
603330,20180516,781109472.0,2008200000.0,23337600.0,60000000.0
603331,20180516,592363646.0,2369456446.0,31813300.0,127253300.0
603333,20180516,3099229800.0,3099229800.0,520005000.0,520005000.0
603335,20180516,682171800.0,2728471800.0,63340000.0,253340000.0
603336,20180516,1581709612.0,3992365650.0,68680400.0,173355000.0
603337,20180516,3353567100.0,12654404100.0,54770000.0,206670000.0
603338,20180516,6397300000.0,11914210308.0,95000000.0,176926200.0
603339,20180516,1139518228.0,4157394064.0,57784900.0,210821200.0
603345,20180516,3061346551.0,7857374800.0,84172300.0,216040000.00000003
603348,20180516,2494800000.0,9979200000.0,55000000.0,220000000.0
603355,20180516,12126240000.0,12126240000.0,401000000.0,401000000.0
603356,20180516,854504200.0,3417504200.0,33340000.0,133340000.0
603357,20180516,1844864000.0,7376579648.0,81200000.0,324673400.0
603358,20180516,1594345280.0,5363200000.0,47563999.99999999,159999999.99999997
603359,20180516,2031899000.0,8127596000.0,56900000.0,227600000.0
603360,20180516,1189582308.0,2832141600.0,56006700.00000001,133340000.00000001
603363,20180516,1086600000.0,7716489900.0,60000000.0,426090000.0
603365,20180516,1777422200.0,7109422200.0,66670000.0,266670000.0
603366,20180516,4928000000.0,4928000000.0,800000000.0,800000000.0
603367,20180516,2881000000.0,13061099930.0,100000000.0,453353000.0
603368,20180516,7465185000.0,9445816164.0,204750000.0,259073400.0
603369,20180516,27197560000.0,27197560000.0,1254500000.0,1254500000.0
603377,20180516,3923639440.0,13994402380.0,164858800.0,588000100.0
603378,20180516,867790000.0,3449908000.0,49000000.0,194800000.0
603380,20180516,835200000.0,3340800000.0,40000000.0,160000000.0
603383,20180516,1131227000.0,4614492580.0,21050000.0,85867000.0
603385,20180516,3423175162.0,4794765272.0,263726900.0,369396400.0
603386,20180516,951420000.0,3801912000.0,50500000.0,201800000.0
603387,20180516,2805990000.0,11299568676.0,33000000.0,132889200.0
603388,20180516,1341780000.0,3303796200.0,83600000.0,205844000.0
603389,20180516,734113600.0,2553073600.0,62960000.0,218960000.0
603393,20180516,2773513593.0,5182400000.0,85628700.0,160000000.0
603396,20180516,736332200.0,2945200166.0,18890000.0,75556700.0
603398,20180516,706992000.0,2845107200.0,52800000.0,212480000.0
603399,20180516,9805281784.0,10738181784.0,499250600.0,546750600.0
603416,20180516,1117452000.0,4469808000.0,35140000.0,140560000.0
603421,20180516,967386000.0,9876821595.0,43400000.0,443105500.0
603429,20180516,1346060000.0,5384240000.0,34000000.0,136000000.0
603444,20180516,6247039890.0,10886559190.0,41248200.0,71882200.0
603456,20180516,8391416864.0,8480416064.0,797663200.0,806123200.0
603458,20180516,1695600477.0,6782396445.0,31037900.0,124151500.0
603466,20180516,2445120000.0,9914655960.0,36000000.0,145975500.0
603477,20180516,790200000.0,3160800000.0,60000000.0,240000000.0
603488,20180516,1351809150.0,2964000000.0,94863800.0,208000000.0
603496,20180516,865500000.0,3533317200.0,25000000.0,102060000.00000001
603499,20180516,707250000.0,2866354116.0,25000000.0,101320400.0
603500,20180516,727335000.0,2909340000.0,31500000.0,126000000.0
603501,20180516,5148500500.0,17184184030.0,136565000.0,455813899.99999994
603505,20180516,2044025031.0,4432800000.0,110667300.0,240000000.0
603506,20180516,879961655.0,3519842185.0,19841300.0,79365100.0
603507,20180516,884760543.0,3539036538.0,31407899.999999996,125631399.99999999
603508,20180516,2371324000.0,5819200000.0,65200000.00000001,160000000.0
603515,20180516,5177296985.0,30625470435.0,97962100.0,579479100.0
603516,20180516,1424250030.0,5696994030.0,23386700.0,93546700.0
603517,20180516,7625257792.0,19097800000.0,163702400.0,410000000.0
603518,20180516,3360625800.0,4100381340.0,147980000.0,180554000.0
603519,20180516,2959727095.0,2959727095.0,158528500.0,158528500.0
603520,20180516,1871617500.0,3474000000.0,64650000.0,120000000.0
603527,20180516,821040000.0,3284160000.0,31100000.0,124400000.0
603528,20180516,1838382000.0,6076392000.0,187590000.0,620040000.0
603533,20180516,1761770000.0,17230970000.0,41000000.0,401000000.0
603535,20180516,946768000.0,3787072000.0,37600000.0,150400000.0
603536,20180516,568680000.0,2274720000.0,42000000.0,168000000.0
603538,20180516,1536518392.0,2680800000.0,68778800.0,120000000.0
603555,20180516,16148787949.0,16148787949.0,628602100.0,628602100.0
603556,20180516,3537377088.0,10667534240.0,126470400.0,381392000.0
603557,20180516,838480000.0,8384437848.0,47000000.0,469979700.0
603558,20180516,2985000000.0,4142745672.55,300000000.0,416356349.00000006
603559,20180516,2418344370.0,4219518654.0,79498500.0,138708700.0
603566,20180516,3151209492.0,6235232400.0,163614200.0,323740000.0
603567,20180516,12788349600.0,12788349600.0,849160000.0,849160000.0
603568,20180516,3224248320.0,16726323200.0,132576000.0,687760000.0
603569,20180516,1477911720.0,10320258000.0,57283400.0,400010000.0
603577,20180516,998398352.0,2254257600.0,77515400.0,175020000.0
603578,20180516,925419000.0,2552880000.0,31900000.0,88000000.0
603579,20180516,3816118350.0,10686200000.0,49995000.0,140000000.0
603580,20180516,494598900.0,1978098900.0,16669999.999999998,66669999.99999999
603585,20180516,1375650000.0,4585500000.0,45000000.0,150000000.0
603586,20180516,1688271725.0,3827219500.0,95113900.0,215618000.0
603588,20180516,7880651800.0,7979400345.0,653996000.0,662190900.0
603589,20180516,17309133868.0,35382000000.0,293524400.0,600000000.0
603595,20180516,2498250000.0,10194458880.0,25000000.0,102016000.0
603596,20180516,1987430400.0,19872407040.0,40860000.0,408561000.0
603598,20180516,1756374400.0,4890878520.0,97360000.0,271113000.0
603599,20180516,2137276800.0,7276874706.0,136480000.0,464679100.0
603600,20180516,2665000000.0,3230457568.0,250000000.0,303044800.0
603601,20180516,3771436410.0,5676424110.0,256560300.0,386151300.0
603602,20180516,998400000.0,3993600000.0,20000000.0,80000000.0
603603,20180516,6154894300.0,10484262100.0,234830000.0,400010000.0
603605,20180516,1834500000.0,7338000000.0,50000000.0,200000000.0
603606,20180516,3230978300.0,3872447549.0,310970000.0,372709100.0
603607,20180516,861084000.0,3442824000.0,22780000.0,91080000.0
603608,20180516,1465100000.0,4964023300.0,127400000.0,431654200.0
603609,20180516,7796435570.0,7796435570.0,831176499.9999999,831176499.9999999
603611,20180516,2654209584.0,4628114868.0,109768800.0,191402600.0
603612,20180516,2237032000.0,9030916764.0,60200000.00000001,243027900.00000003
603615,20180516,963479088.0,3088800000.0,74862400.0,240000000.0
603616,20180516,2241345600.0,4462005600.0,147360000.0,293360000.0
603617,20180516,701250000.0,2805000000.0,25000000.0,100000000.0
603618,20180516,5185935695.0,5185935695.0,686878900.0,686878900.0
603619,20180516,1516403791.0,15164003791.0,40000100.0,400000100.00000006
603626,20180516,2985054496.0,7847047200.0,158106700.0,415627500.0
603628,20180516,1166832000.0,3597732000.0,88800000.0,273800000.0
603630,20180516,1774695054.0,4949472000.0,62533300.0,174400000.0
603633,20180516,1635010344.0,2369691500.0,83037600.0,120349999.99999999
603636,20180516,5279368980.0,5325294690.0,522709800.0,527256900.0
603637,20180516,711532880.0,2846127240.0,33249200.000000004,132996600.00000001
603638,20180516,2505234600.0,7678880000.0,57420000.0,176000000.0
603639,20180516,1743948944.0,5395200000.0,38788900.0,120000000.0
603648,20180516,1823978993.0,7295913993.0,92166700.0,368666700.0
603655,20180516,626195000.0,2504780000.0,26500000.0,106000000.0
603656,20180516,1387584401.0,3261995856.0,63331100.0,148881600.0
603658,20180516,9436127358.0,29026200000.0,136537800.0,420000000.0
603659,20180516,3584562183.0,24348192183.0,63702900.0,432702900.0
603660,20180516,6090833490.0,9240634870.0,169661100.0,257399300.0
603661,20180516,1155750000.0,4623000000.0,25000000.0,100000000.0
603663,20180516,1038746273.0,2872959530.0,49066899.99999999,135709000.0
603665,20180516,1221736824.0,3278000000.0,37270800.0,100000000.0
603667,20180516,1714924022.0,4003472000.0,86699900.0,202400000.0
603668,20180516,1584855300.0,3190600000.0,147428400.0,296800000.0
603669,20180516,1839656000.0,5532800000.0,121030000.0,364000000.0
603676,20180516,1190070000.0,7990470000.0,63000000.0,423000000.0
603677,20180516,961747371.0,3408832971.0,55368300.0,196248300.0
603678,20180516,7695387477.0,11918695780.0,292266900.0,452666000.0
603679,20180516,661500000.0,2672195400.0,25000000.0,100990000.0
603680,20180516,1625820000.0,16258200000.0,42000000.0,420000000.0
603683,20180516,657785900.0,2630935900.0,31670000.0,126670000.0
603685,20180516,722250000.0,2889000000.0,25000000.0,100000000.0
603686,20180516,6280443000.0,6996717000.0,268395000.00000003,299005000.0
603688,20180516,5539770144.0,5555956860.0,336355200.0,337338000.0
603689,20180516,1951436256.0,3917760000.0,167361600.0,336000000.0
603690,20180516,1672949720.0,3847484400.0,91468000.0,210360000.0
603696,20180516,1185075000.0,4122000000.0,34500000.0,120000000.0
603698,20180516,7314202000.0,7314202000.0,412300000.00000006,412300000.00000006
603699,20180516,15195000000.0,15195000000.0,750000000.0,750000000.0
603701,20180516,1197552000.0,2444184000.0,58560000.0,119520000.0
603703,20180516,1374409764.0,2935567278.0,107543800.0,229700100.0
603707,20180516,2527681000.0,16915281058.0,82550000.0,552425900.0
603708,20180516,3717070912.0,11082240000.0,156970900.0,468000000.0
603709,20180516,627600000.0,2510400000.0,20000000.0,80000000.0
603711,20180516,1031857900.0,10316257900.0,40010000.0,400010000.0
603712,20180516,3652000000.0,28193440000.0,99999999.99999999,771999999.9999999
603716,20180516,2482430895.0,4605230700.0,96106500.0,178290000.0
603717,20180516,1583815336.0,3473230276.0,78757600.0,172711600.0
603718,20180516,8713331547.0,8829240000.0,635545700.0,644000000.0
603721,20180516,767750000.0,3071000000.0,25000000.0,100000000.0
603722,20180516,859537000.0,3434187000.0,21700000.0,86700000.0
603725,20180516,718194400.0,2871994400.0,36680000.0,146680000.0
603726,20180516,679379200.0,2717516800.0,23680000.0,94720000.0
603727,20180516,1622277000.0,4003879500.0,94869999.99999999,234144999.99999997
603728,20180516,2733744000.0,6470400000.0,135200000.0,320000000.0
603729,20180516,2355913525.0,3448839100.0,45542500.0,66670000.00000001
603730,20180516,1548000000.0,13234271250.0,48000000.0,410365000.0
603733,20180516,2018720000.0,19926720000.0,61999999.99999999,612000000.0
603737,20180516,2474468724.0,7746356772.0,32640400.0,102181200.0
603738,20180516,1253225720.0,3385943720.0,41956000.0,113356000.0
603757,20180516,1105020000.0,4409556000.0,21000000.0,83800000.0
603758,20180516,669000000.0,4892586550.0,60000000.0,438797000.0
603766,20180516,13106510042.0,13227864524.0,2093691700.0,2113077400.0
603767,20180516,783951000.0,3135804000.0,53330000.0,213320000.0
603768,20180516,1140933750.0,3319080000.0,70125000.0,204000000.0
603773,20180516,2161982438.0,8647929752.0,23648900.0,94595600.0
603776,20180516,1357440000.0,5429760000.0,33600000.0,134400000.0
603777,20180516,1950000000.0,6092982500.0,78000000.0,243719300.0
603778,20180516,1495209101.0,3305000000.0,226204100.0,500000000.0
603779,20180516,1497435786.0,3713388756.0,92605799.99999999,229646799.99999997
603787,20180516,937539375.0,3417000000.0,55972500.0,204000000.0
603788,20180516,5131587200.0,6968567200.0,121028000.0,164353000.0
603789,20180516,3198000000.0,3198000000.0,259999999.99999997,259999999.99999997
603797,20180516,951585600.0,3805985600.0,53340000.0,213340000.0
603798,20180516,1544886000.0,3618000000.0,85400000.0,200000000.0
603799,20180516,67880303754.0,68697144706.0,585629400.0,592676600.0
603800,20180516,922740000.0,2839200000.0,67600000.0,208000000.0
603801,20180516,2360400000.0,9441600000.0,40000000.0,160000000.0
603803,20180516,3561028209.0,6858995724.0,218602100.0,421055600.0
603806,20180516,16104120000.0,16104120000.0,402000000.0,402000000.0
603808,20180516,7935266770.0,8294256180.0,322703000.0,337302000.0
603809,20180516,931849800.0,3727049800.0,26670000.0,106670000.0
603811,20180516,1460592300.0,2590932000.0,48030000.0,85200000.0
603813,20180516,659672300.0,2638390300.0,22070000.0,88270000.0
603816,20180516,6704775000.0,32217610250.0,89100000.0,428141000.0
603817,20180516,1904400000.0,4761000000.0,180000000.0,450000000.0
603818,20180516,2959843920.0,6521096400.0,219736000.0,484120000.0
603819,20180516,1077120000.0,2319744000.0,56100000.0,120820000.0
603822,20180516,1430338000.0,2584120500.0,40600000.0,73350000.0
603823,20180516,1127716020.0,3735000000.0,67934700.0,224999999.99999997
603825,20180516,1414400000.0,5811737776.0,40000000.0,164359100.0
603826,20180516,2428846432.0,5999760000.0,189457600.0,468000000.0
603828,20180516,2277167152.0,2826741408.0,266024199.99999997,330226800.0
603829,20180516,672800000.0,2691200000.0,40000000.0,160000000.0
603833,20180516,12796838896.0,62071631470.0,86711200.0,420596499.99999994
603838,20180516,976691200.0,2677467200.0,97280000.00000001,266680000.00000003
603839,20180516,1963252200.0,7604684496.0,74620000.0,289041600.0
603843,20180516,2387313394.0,4952037140.0,192836300.0,400003000.0
603848,20180516,990150000.0,9684150000.0,41000000.0,401000000.0
603855,20180516,893088300.0,3572245300.0,82770000.0,331070000.0
603856,20180516,937270000.0,3747598000.0,49330000.0,197242000.0
603858,20180516,18050600606.0,37539908000.0,327835100.0,681800000.0
603859,20180516,1110052500.0,2526710000.0,49890000.0,113560000.0
603860,20180516,559780800.0,2237780800.0,16679999.999999998,66679999.99999999
603861,20180516,1759369409.0,6433020918.0,121085300.0,442740600.0
603866,20180516,3487318289.0,27733990180.0,59177300.0,470626000.0
603868,20180516,2442908000.0,24406668000.0,43600000.0,435600000.0
603869,20180516,5372832216.0,6990078252.0,268105400.0,348806300.0
603871,20180516,1465000000.0,5860000000.0,20000000.0,80000000.0
603876,20180516,2374450000.0,15707900000.0,65000000.0,430000000.0
603877,20180516,5404021225.0,16048714188.0,161942500.0,480932400.00000006
603878,20180516,1092122724.0,3219880000.0,68514600.0,202000000.0
603879,20180516,555840000.0,2223360000.0,36000000.0,144000000.0
603880,20180516,616250000.0,2465000000.0,25000000.0,100000000.0
603881,20180516,6146768368.0,10125003728.0,127844600.0,210586600.0
603882,20180516,2227292400.0,14849197578.0,68680000.0,457884600.0
603883,20180516,21418740000.0,22858311966.0,267000000.0,284945300.0
603885,20180516,8517034110.0,28500634110.0,537013500.0,1797013500.0
603886,20180516,2026614480.0,4012800000.0,121209000.00000001,240000000.00000003
603887,20180516,1712371034.0,3051890000.0,57791800.0,103000000.0
603888,20180516,3795869700.0,11164322394.0,176470000.0,519029399.99999994
603889,20180516,3392631816.0,5125337322.0,260570800.0,393651100.0
603890,20180516,992565000.0,3970260000.0,34250000.0,137000000.0
603895,20180516,951297000.0,3805188000.0,19300000.0,77200000.0
603896,20180516,2893278960.0,7224864000.0,55984500.0,139800000.0
603897,20180516,2002094000.0,8008376000.0,44600000.0,178400000.0
603898,20180516,2641638720.0,9508085944.0,89004000.0,320353300.0
603899,20180516,28556800000.0,28556800000.0,920000000.0,920000000.0
603900,20180516,2184991895.0,8739965013.0,85118500.0,340473900.0
603901,20180516,1349040000.0,3504000000.0,154000000.0,400000000.0
603903,20180516,2280421992.0,3397687680.0,69355900.0,103335999.99999999
603906,20180516,1200009616.0,3266839600.0,77771200.0,211720000.0
603908,20180516,742417953.0,2148084900.0,23049300.0,66690000.0
603909,20180516,761000000.0,3120100000.0,25000000.0,102500000.0
603912,20180516,958300000.0,3892770000.0,37000000.0,150300000.0
603916,20180516,1169640000.0,4678560000.0,76000000.0,304000000.0
603917,20180516,696640000.0,2786560000.0,28000000.0,112000000.0
603918,20180516,2160986880.0,3114180000.0,123344000.0,177750000.0
603919,20180516,2007481205.0,6308121733.0,115838500.00000001,364000100.00000006
603920,20180516,2019307500.0,6328350000.0,128210000.0,401800000.0
603922,20180516,786560000.0,3146240000.0,32000000.000000004,128000000.00000001
603926,20180516,1379049909.0,2588400000.0,63933700.0,120000000.0
603928,20180516,1299370050.0,4173120000.0,62771500.0,201600000.0
603929,20180516,2473867200.0,5466283200.0,96560000.0,213360000.0
603933,20180516,995841980.0,3982979980.0,35938000.0,143738000.0
603936,20180516,1294227000.0,3860764500.0,56100000.0,167350000.0
603937,20180516,1076254200.0,4305016800.0,52220000.0,208880000.0
603938,20180516,1172892618.0,4689702918.0,37556600.0,150166600.0
603939,20180516,21768935894.0,21768935894.0,362694700.0,362694700.0
603955,20180516,1846644822.0,2928420000.0,54861700.00000001,87000000.00000001
603958,20180516,949065620.0,3162258346.0,65999000.0,219906700.0
603959,20180516,3266480000.0,6876800000.0,106400000.0,224000000.0
603960,20180516,1412251129.0,3824080000.0,38407700.0,103999999.99999999
603963,20180516,813250000.0,3253000000.0,25000000.0,100000000.0
603966,20180516,1182166937.0,2699201687.0,70075100.0,160000100.0
603968,20180516,2583106000.0,3866716800.0,136600000.0,204480000.0
603969,20180516,4837200000.0,4837200000.0,580000000.0,580000000.0
603970,20180516,871001742.0,3484001742.0,33333400.0,133333400.0
603976,20180516,780030000.0,3120120000.0,27000000.0,108000000.0
603977,20180516,1807027040.0,3178688240.0,175952000.0,309512000.0
603978,20180516,1843200000.0,7372800000.0,40000000.0,160000000.0
603979,20180516,2468077045.0,5937750000.0,243160300.0,585000000.0
603980,20180516,1826000000.0,9130000000.0,99999999.99999999,499999999.99999994
603985,20180516,1450486000.0,2533600000.0,45800000.0,80000000.0
603986,20180516,24944102766.0,34311663342.0,147345400.0,202679800.0
603987,20180516,2413908050.0,4006025770.0,190071500.0,315435100.0
603988,20180516,3505200000.0,3505200000.0,120000000.0,120000000.0
603989,20180516,9376383005.0,11055000000.0,254447300.0,300000000.0
603990,20180516,2340361760.0,3142224558.0,60272000.0,80922600.0
603991,20180516,1108719511.0,2011699650.0,41078900.0,74535000.0
603993,20180516,105961517126.0,176681788108.0,12953730700.0,21599240600.0
603996,20180516,1966356000.0,5714856000.0,103275000.0,300150000.0
603997,20180516,7213500000.0,7301884840.0,630000000.0,637719200.0
603998,20180516,4230707165.0,4287818175.0,425196700.00000006,430936500.00000006
603999,20180516,1704960000.0,4262400000.0,230400000.0,576000000.0
